0.9,1,1.1,1.2,1.3,1.4,1.5,1.6,,,,,,,,,,,,,,,,,,,,,,,,,,,,,,,,,,,,,,,,,,,,,,,,,,
0.99999,0.999995,0.999999,0.9999995,1,,,,,,,,,,,,,,,,,,,,,,,,,,,,,,,,,,,,,,,,,,,,,,,,,,,,,
100000,,,,,,,,,,,,,,,,,,,,,,,,,,,,,,,,,,,,,,,,,,,,,,,,,,,,,,,,,
0.9,0.9,0.9,0.9,0.9,1,1,1,1,1,1.1,1.1,1.1,1.1,1.1,1.2,1.2,1.2,1.2,1.2,1.3,1.3,1.3,1.3,1.3,1.4,1.4,1.4,1.4,1.4,1.5,1.5,1.5,1.5,1.5,1.6,1.6,1.6,1.6,1.6,0.9,1,1.1,1.2,1.3,1.4,1.5,1.6,0.7,0.7,0.7,0.7,0.7,0.8,0.8,0.8,0.8,0.8
0.99999,0.999995,0.999999,0.9999995,1,0.99999,0.999995,0.999999,0.9999995,1,0.99999,0.999995,0.999999,0.9999995,1,0.99999,0.999995,0.999999,0.9999995,1,0.99999,0.999995,0.999999,0.9999995,1,0.99999,0.999995,0.999999,0.9999995,1,0.99999,0.999995,0.999999,0.9999995,1,0.99999,0.999995,0.999999,0.9999995,1,0.99995,0.99995,0.99995,0.99995,0.99995,0.99995,0.99995,0.99995,0.99999,0.999995,0.999999,0.9999995,1,0.99999,0.999995,0.999999,0.9999995,1
100000,100000,100000,100000,100000,100000,100000,100000,100000,100000,100000,100000,100000,100000,100000,100000,100000,100000,100000,100000,100000,100000,100000,100000,100000,100000,100000,100000,100000,100000,100000,100000,100000,100000,100000,100000,100000,100000,100000,100000,100000,100000,100000,100000,100000,100000,100000,100000,100000,100000,100000,100000,100000,100000,100000,100000,100000,100000
16.678,116.564,10.211,1.009,14.916,21.015,242.341,55.207,33.679,13.699,9.916,49.63,8.907,32.244,59.903,107.131,10.605,19.69,12.744,3.222,15.121,14.693,4.887,16.502,19.401,10.211,31.096,0.56,1.183,7.815,73.828,11.223,93.219,8.574,36.451,14.622,83.549,13.837,46.464,15.267,101.271,119.559,404.202,206.427,203.482,105.776,21.86,206.692,113.345,5.821,142.002,77.915,12.855,8.497,4.722,88.044,48.486,65.167
22.377,174.992,17.986,1.817,3.662,108.28,34.447,5.544,8.806,21.72,47.321,9.263,5.761,38.674,18.882,106.506,5.283,11.403,31.823,24.23,32.32,10.788,17.902,9.562,17.88,8.928,49.599,38.412,11.158,41.642,11.258,37.438,7.115,24.124,14.218,8.985,37.737,40.617,14.931,3.16,1000,1.774,102.646,306.003,8.236,13.642,19.527,303.866,2.7,126.546,145.283,82.864,8.096,117.67,4.987,12.029,33.38,38.542
135.419,2.41,56.239,74.503,13.597,14.628,1.083,32.73,11.429,3.567,31.076,12.865,89.706,26.885,26.173,5.427,4.616,4.174,6.675,12.591,177.388,27.697,12.268,6.403,4.874,9.674,41.355,1.994,52.805,28.044,20.566,14.152,26.881,10.079,8.908,32.347,3.159,3.174,4.013,18.825,1000,102.598,202.627,107.309,109.244,15.455,110.026,29.89,26.976,415.851,0.304,71.505,17.983,8.022,154.896,66.816,41.984,91.959
19.665,14.436,29.464,7.064,4.989,6.415,3.899,31.361,36.685,54.221,9.077,22.425,32.232,0.884,27.808,78.046,14.825,15.393,20.09,8.944,6.417,52.563,2.85,5.185,9.711,18.417,0.434,1.655,3.83,5.058,27.793,7.733,43.883,24.648,5.437,6.532,39.41,53.373,33.41,17.899,706.82,3.897,304.746,0.747,404.841,203.649,3.67,7.312,19.537,146.165,22.391,10.994,13.925,27.805,2.103,18.245,64.985,22.57
103.885,27.003,24.323,17.933,14.547,4.541,42.611,0.802,11.054,14.422,8.2,49.629,15.208,7.247,14.693,1.315,12.637,14.046,17.824,4.096,44.063,4.483,38.603,23.48,25.24,21.858,28.91,4.716,11.35,9.519,21.951,23.001,13.172,15.184,35.945,12.27,31.161,12.703,98.085,20.782,2.021,503.035,1000,409.768,205.602,2.73,16.158,14.455,212.814,351.657,20.536,327.814,99.754,6.429,106.319,49.858,15.592,1.128
107.479,213.428,48.828,9.322,2.582,81.135,2.871,37.03,15.784,53.562,40.071,4.525,10.645,6.667,15.919,1.013,20.918,4.321,5.945,31.112,21.201,7.942,13.807,30.227,38.003,1.369,42.574,33.156,53.529,2.665,21.624,18.444,45.144,10.113,72.571,31.003,25.171,73.378,58.651,19.67,202.175,400.755,200.938,107.185,108.926,7.039,105.975,201.882,615.83,416.591,211.993,142.644,157.348,145.738,2.3,8.039,43.518,8.505
8.741,43.236,1.193,1.251,8.179,18.763,38.932,186.076,41.386,42.646,14.009,32.581,3.895,5.069,3.818,33.228,36.557,51.316,13.172,7.804,23.783,6.132,11.034,4.551,50.411,1.18,53.274,82.868,7.626,45.668,4.304,27.557,32.263,18.367,147.338,37.251,4.749,12.154,1.368,17.733,1000,513.456,419.026,328.837,103.313,12.809,8.437,215.427,15.246,5.731,128.873,8.644,139.925,4.82,226.987,3.926,202.687,37.117
7.829,51.755,8.677,1.975,20.454,305.528,9.753,19.671,17.5,75.82,24.768,1.243,7.137,19.869,49.15,10.017,34.161,10.091,2.393,20.96,2.572,3.673,3.769,27.008,33.839,32.816,26.99,2.065,5.624,23.022,12.107,48.805,25.931,5.275,7.759,20.048,11.798,35.12,1.034,6.768,2.573,302.991,502.522,4.307,8.901,14.929,103.967,110.689,518.11,118.785,2.775,58.754,69.248,28.117,309.953,162.023,4.943,44.053
10.122,134.489,4.712,29.566,6.45,0.359,2.987,4.276,5.096,0.299,109.806,15.32,42.798,12.149,5.064,2.189,24.115,7.402,19.697,23.492,7.287,11.876,39.659,1.571,4.212,104.24,48.738,12.756,40.144,3.161,5.735,87.288,9.06,0.94,1.27,72.763,4.648,29.788,17.023,48.272,404.465,1.908,902.388,1.687,5.481,3.865,6.005,10.977,6.788,202.063,47.333,25.345,1.116,3.686,12.865,34.605,21.342,102.893
7.963,156.37,13.438,1.699,13.052,138.444,0.428,0.977,2.621,4.523,18.324,8.618,25.585,12.841,9.003,111.408,7.394,14.406,0.392,13.412,7.329,16.046,65.222,28.874,3.041,56.072,13.96,57.909,16.2,18.247,16.942,2.532,2.559,12.756,63.771,35.912,13.527,30.162,7.054,29.494,203.938,908.903,400.053,1.948,5.456,3.271,609.11,3.533,108.299,12.579,42.023,5.704,84.624,22.508,16.515,39.861,24.257,74.516
158.458,111.741,87.678,5.606,63.324,4.244,19.463,11.7,12.101,7.309,115.041,2.341,9.97,5.493,7.052,6.592,5,2.533,15.444,69.806,5.907,8.477,10.028,3.203,23.108,75.799,14.646,0.682,53.407,1.771,23.668,79.711,64.604,8.671,14.893,2.847,5.09,25.649,6.761,45.719,4.33,8.946,102.487,908.757,402.547,2.602,11.836,9.318,698.486,28.928,17.66,6.882,29.153,634.33,10.533,2.449,9.664,6.977
12.871,167.011,12.826,14.396,3.259,3.761,5.523,34.112,5.651,9.523,105.842,0.581,4.379,7.436,9.017,47.072,77.774,4.739,7.704,7.649,59.578,29.118,17.163,4.346,5.107,2.027,12.241,4.171,13.008,16.945,42.694,56.854,0.714,78.12,56.188,79.892,6.968,8.101,7.212,69.232,1000,402.845,0.331,3.637,5.77,0.695,5.383,106.429,212.204,15.358,130.308,107.064,36.977,107.42,9.797,67.185,17.184,75.803
12.848,30.449,3.092,25.22,14.584,15.528,64.294,22.487,1.347,15.266,135.344,21.679,8.516,8.366,40.637,2.518,3.992,13.848,8.007,76.322,37.96,17.413,36.578,16.487,13.969,20.514,4.138,56.293,13.117,5.919,9.645,27.374,22.932,38.889,35.52,19.656,42.906,9.007,48.207,4.23,9.92,403.337,3.464,9.999,203.185,303.443,7.693,217.355,7.545,93.97,340.176,0.932,2.446,115.711,80.578,9.332,22.879,86.103
308.29,9.173,1.349,62.968,4.338,14.044,18.172,32.183,39.516,66.558,0.617,15.123,9.193,32.849,14.763,17.875,5.917,1.306,15.875,29.911,29.391,5.177,32.68,7.888,13.401,6.679,20.549,5.992,10.822,21.533,1.556,23.752,1.115,32.582,10.034,7.349,13.144,57.175,10.479,4.826,108.482,507.571,2.85,3.186,107.247,8.545,307.258,312.562,426.441,5.48,33.25,193.502,120.424,714.624,108.382,8.183,32.849,49.539
112.909,2.149,210.669,19.525,66.056,72.415,2.964,3.756,86.894,49.361,30.166,25.872,2.187,105.911,13.191,8.727,25.173,23.544,4.765,4.109,9.266,27.537,48.542,10.088,7.588,15.096,6.008,74.361,25.104,0.521,39.542,49.583,15.109,15.859,8.149,15.411,28.405,35.04,19.537,7.703,305.663,9.534,704.014,4.182,303.843,205.016,7.013,205.684,1000,13.312,163.586,101.996,88.865,2.271,1.882,2.549,9.035,23.946
113.273,1.602,1.326,1.42,50.172,41.353,14.51,10.427,31.695,15.586,0.484,100.174,12.285,4.658,20.689,11.725,5.089,15.779,2.928,9.951,15.18,0.429,44.687,14.083,25.162,28.705,13.573,23.049,28.566,21.811,35.569,27.897,24.285,5.717,43.796,12.574,19.918,78.695,30.93,59.503,1000,102.503,201.37,709.369,310.183,101.187,16.138,6.279,101.052,422.968,23.516,234.908,39.879,214.954,7.22,8.361,140.281,10.678
2.702,133.277,23.965,1.323,1.836,135.468,223.092,103.823,41.087,4.623,2.489,18.841,1.263,9.094,17.863,27.567,7.302,30.472,10.528,20.269,1.641,1.837,5.576,2.417,6.143,44.028,0.57,4.905,8.909,64.192,69.566,0.697,2.467,5.649,47.871,57.619,55.896,15.544,10.653,21.441,100.11,603.612,17.581,114.038,1.923,3.285,211.343,9.029,325.004,140.451,27.157,71.245,6.003,204.558,31.323,2.182,33.415,50.887
1.157,65.05,39.499,67.517,47.127,115.789,14.738,22.912,19.765,37.918,10.657,37.824,19.191,6.878,15.153,32.592,14.846,10.403,0.717,2.701,14.571,3.772,14.74,22.973,12.19,5.162,64.67,18.078,7.299,0.852,42.776,7.202,16.907,51.978,32.881,36.87,38.88,34.044,32.105,4.715,1000,2.846,109.519,102.938,2.271,2.221,201.443,0.835,515.506,472.47,27.82,16.697,4.147,44.114,61.509,52.395,386.44,7.568
9.665,106.72,1.102,35.365,20.78,10.74,119.785,26.31,14.192,4.468,189.715,8.783,4.96,18.034,7.633,5.454,16.536,21.339,9.975,5.232,1.763,5.815,23.313,12.831,56.351,29.741,51.733,9.743,2.617,20.427,8.556,12.148,41.124,41.516,15.344,68.917,39.975,78.267,7.823,9.253,810.488,301.055,304.643,608.241,9.738,505.704,5.553,200.363,312.009,340.032,103.296,283.687,67.915,4.153,29.377,4.422,110.565,16.182
19.192,18.663,19.554,13.947,3.214,29.833,2.322,26.656,44.642,47.377,8.796,19.276,7.514,55.033,54.91,4.138,21.433,53.125,44.396,12.697,0.555,13.413,11.561,26.038,115.859,27.579,48.955,14.706,21.799,5.31,105.424,14.962,18.064,8.845,3.7,17.731,14.611,61.666,4.013,63.763,405.933,601.647,508.725,6.236,7.715,108.128,108.082,11.407,224.66,4.129,7.275,2.195,1.846,2.069,9.335,7.932,11.335,56.295
3.379,11.966,13.518,39.084,42.632,19.646,1.639,17.795,19.64,6.966,4.022,8.477,33.541,0.499,9.136,205.627,13.736,12.277,18.162,7.653,33.672,5.422,4.551,9.366,10.402,3.572,43.262,9.788,1.35,13.706,28.551,36.052,66.662,5.586,24.478,1.527,12.226,9.972,27.531,51.985,104.231,903.771,309.253,604.849,8.025,112.604,304.706,2.853,1000,224.243,8.551,1.36,251.962,301.973,69.606,116.528,60.18,65.295
11.466,126.405,9.777,3.555,98.635,17.15,45.309,49.662,7.608,3.725,86.933,100.932,46.749,5.667,37.581,1.104,61.318,30.567,4.453,25.248,25.274,12.157,57.611,17.43,63.227,42.291,4.278,4.811,6.642,12.114,1.448,19.988,7.469,125.474,5.088,119.175,20.731,14.764,23.192,19.035,2.278,203.262,329.104,509.107,3.794,14.662,4.258,19.379,272.842,430.965,238.334,8.53,2.381,116.987,106.952,122.896,40.119,21.481
30.302,10.92,61.431,11.98,7.1,1.925,15.003,6.24,15.542,10.746,43.075,10.338,12.142,1.147,94.168,1.854,17.5,2.327,4.688,7.638,9.939,20.585,13.539,13.892,15.07,5.604,39.545,36.129,5.699,26.077,0.911,14.853,64.779,17.93,27.019,0.683,11.373,30.928,26.023,2.899,13.601,1.607,2.185,14.742,213.482,1.032,512.565,16.354,111.34,219.866,2.671,50.57,194.736,13.451,211.045,41.094,112.951,10.449
822.237,26.704,19.428,24.294,45.891,0.223,3.299,50.309,16.92,2.124,14.901,33.028,54.015,16.763,46.148,6.487,13.509,51.117,50.327,18.941,3.682,20.989,4.589,4.681,30.035,10.874,32.488,65.005,19.466,2.854,112.558,27.906,7.342,54.525,11.429,102.57,21.396,44.814,20.257,61.755,515.702,1.308,201.391,6.002,307.042,7.011,423.56,118.277,7.578,12.956,2.051,8.301,81.947,125.826,78.403,10.344,45.584,46.482
4.787,246.415,16.234,29.24,4.823,6.881,24.047,2.329,31.972,34.246,129.02,20.627,4.928,3.018,16.656,4.424,25.8,37.779,7.47,9.991,27.314,107.34,10.882,23.286,36.104,9.441,8.714,49.728,113.209,43.392,27.862,20.296,41.093,13.487,24.487,10.065,22.14,28.781,18.692,19.112,108.148,2.29,203.209,6.109,17.953,201.317,5.417,206.404,436.95,404.176,32.207,24.297,79.803,1000,146.685,46.256,3.591,13.802
325.312,17.505,7.076,3.53,92.422,104.401,10.459,15.521,3.036,28.126,22.843,17.969,5.719,39.17,2.22,15.274,4.994,10.018,21.944,20.975,5.938,31.655,3.957,6.309,8.939,33.32,11.595,7.567,9.643,38.532,108.768,36.977,12.928,2.614,11.646,41.547,6.464,7.832,20.36,14.148,401.719,101.831,6.725,102.682,107.918,307.957,101.398,106.865,613.198,666.81,82.515,46.926,91.252,253.767,218.528,38.371,29.04,61.065
301.837,4.876,32.281,11.787,3.721,13.379,18.625,0.942,7.707,11.784,40.268,2.657,10.563,29.204,77.896,15.135,2.778,1.125,105.138,48.854,7.923,25.758,58.048,98.46,16.82,7.355,10.815,12.428,2.275,15.848,15.955,49.122,13.525,47.168,0.83,66.241,7.393,53.497,52.166,50.605,402.373,400.842,8.985,211.311,108.278,4.206,3.036,6.347,61.334,49.067,296.003,77.976,97.274,52.325,15.58,42.36,13.226,88.05
404.788,18.507,22.779,104.004,11.126,4.489,25.92,77.151,43.326,59.598,29.524,8.276,2.608,14.007,14.316,2.591,7.83,15.382,9.652,5.072,38.887,6.882,34.3,46.317,19.273,7.154,52.787,0.666,93.333,24.205,23.358,11.507,2.954,8.001,52.058,54.062,22.378,111.308,0.85,26.541,202.987,301.479,2.868,406.271,12.459,302.075,4.731,312.504,4.039,3.618,38.043,46.435,97.981,0.59,3.297,213.089,55.739,59.843
6.659,0.426,4.617,30.132,23.585,34.005,28.025,56.572,6.723,21.197,108.565,3.444,36.327,92.679,38.463,8.084,42.114,14.262,10.216,50.162,1.296,117.625,12.622,2.478,55.256,17.967,28.298,22.277,62.399,35.425,60.316,22.126,49.536,33.007,66.612,8.611,7.986,23.675,41.884,14.57,903.38,103.945,207.097,110.223,2.275,7.693,311.283,601.842,13.28,91.664,47.272,15.301,38.605,8.917,49.592,5.631,106.741,11.459
3.069,18.172,73.787,7.283,38.582,12.561,8.725,3.021,27.589,16.028,18.927,7.895,5.828,7.546,4.293,14.642,36.746,0.993,0.732,21.713,33.837,4.555,11.281,18.181,57.803,0.783,0.998,49.311,14.743,13.685,15.717,32.404,19.154,51.737,21.894,8.339,8.532,43.833,30.803,18.427,0.472,12.905,606.654,404.242,5.679,4.069,15.411,209.519,1000,165.131,198.684,6.121,163.613,3.758,247.657,38.362,36.269,32.807