0.9,1,1.1,1.2,1.3,1.4,1.5,1.6,,,,,,,,,,,,,,,,,,,,,,,,,,,,,,,,,,,,,,,,,,,,,,,,,,
0.99999,0.999995,0.999999,0.9999995,1,,,,,,,,,,,,,,,,,,,,,,,,,,,,,,,,,,,,,,,,,,,,,,,,,,,,,
100000,,,,,,,,,,,,,,,,,,,,,,,,,,,,,,,,,,,,,,,,,,,,,,,,,,,,,,,,,
0.9,0.9,0.9,0.9,0.9,1,1,1,1,1,1.1,1.1,1.1,1.1,1.1,1.2,1.2,1.2,1.2,1.2,1.3,1.3,1.3,1.3,1.3,1.4,1.4,1.4,1.4,1.4,1.5,1.5,1.5,1.5,1.5,1.6,1.6,1.6,1.6,1.6,0.9,1,1.1,1.2,1.3,1.4,1.5,1.6,0.7,0.7,0.7,0.7,0.7,0.8,0.8,0.8,0.8,0.8
0.99999,0.999995,0.999999,0.9999995,1,0.99999,0.999995,0.999999,0.9999995,1,0.99999,0.999995,0.999999,0.9999995,1,0.99999,0.999995,0.999999,0.9999995,1,0.99999,0.999995,0.999999,0.9999995,1,0.99999,0.999995,0.999999,0.9999995,1,0.99999,0.999995,0.999999,0.9999995,1,0.99999,0.999995,0.999999,0.9999995,1,0.99995,0.99995,0.99995,0.99995,0.99995,0.99995,0.99995,0.99995,0.99999,0.999995,0.999999,0.9999995,1,0.99999,0.999995,0.999999,0.9999995,1
100000,100000,100000,100000,100000,100000,100000,100000,100000,100000,100000,100000,100000,100000,100000,100000,100000,100000,100000,100000,100000,100000,100000,100000,100000,100000,100000,100000,100000,100000,100000,100000,100000,100000,100000,100000,100000,100000,100000,100000,100000,100000,100000,100000,100000,100000,100000,100000,100000,100000,100000,100000,100000,100000,100000,100000,100000,100000
21.581,26.521,26.448,17.406,19.008,12.319,24.062,9.906,0.903,3.147,1.05,3.168,11.326,13.181,4.542,25.91,23.262,2.044,5.196,5.013,47.213,3.344,10.007,7.278,8.863,20.651,16.528,15.881,6.514,60.933,10.152,35.034,68.008,14.2,50.342,13.664,36.488,3.219,5.03,8.442,13.337,105.527,103.091,100.731,105.36,2.734,28.615,8.465,18.361,3.544,99.549,8.461,3.042,115.61,2.717,29.882,15.373,14.941
8.466,17.826,38.789,3.728,17.136,6.696,12.998,5.702,9.663,30.527,108.753,28.681,11.221,16.114,8.151,5.41,1.434,2.621,2.959,33.08,1.214,18.209,21.18,12.778,12.483,33.286,49.16,7.441,54.543,71.229,0.705,12.787,57.755,37.916,33.459,12.436,10.185,5.492,21.349,33.999,308.633,200.359,1.628,102.343,501.897,110.794,9.449,101.141,11.334,1.509,3.796,40.367,9.231,137.161,89.431,7.614,23.308,5.212
64.14,38.508,20.287,40.74,20.545,48.36,1.428,5.128,30.722,26.334,42.006,11.868,8.339,6.167,3.572,6.284,17.734,1.398,14.083,66.966,2.834,3.086,7.581,23.437,59.911,28.979,29.146,1.473,8.415,1.436,8.428,24.835,27.049,74.176,13.938,20.411,15.492,18.073,6.238,16.442,0.736,103.121,211.412,1.777,12.385,103.361,17.209,105.28,102.588,18.455,2.382,32.39,22.711,1.613,330.734,78.598,52.919,7.818
3.012,16.841,20.275,51.236,5.032,19.556,8.603,1.882,1.642,26.933,1.257,19.743,2.507,19.811,37.911,58.308,21.637,13.202,15.557,9.235,28.412,5.982,7.382,33.185,58.014,66.88,9.483,13.696,21.586,7.307,26.176,34.533,11.171,14.428,51.059,30.943,14.024,69.483,20.226,6.609,201.423,2.25,3.568,210.238,214.15,605.195,6.913,305.266,209.893,111.6,19.579,8.718,8.492,6.742,9.138,0.733,19.002,53.509
5.013,26.585,7.869,10.57,5.295,26.097,4.965,14.779,16.351,8.283,16.21,11.068,38.63,26.268,2.109,3.582,6.452,26.406,0.763,23.705,10.2,8.859,7.959,11.056,18.253,56.893,11.464,7.238,13.696,8.927,6.736,15.151,13.73,37.017,41.419,15.618,49.931,3.324,34.83,18.119,611.196,100.985,608.713,119.269,406.377,4.981,8.953,102.847,1000,17.647,17.495,3.433,20.331,111.818,0.995,28.797,14.763,34.288
10.044,2.786,4.15,9.362,12.376,8.372,10.574,18.549,3.212,3.163,50.165,8.503,32.658,30.567,13.559,0.493,29.122,1.068,12.603,27.434,4.542,20.986,27.603,18.78,35.342,9.648,14.113,71.527,11.937,9.355,3.794,6.403,20.676,21.591,12.491,37.319,10.686,8.236,67.778,29.381,612.003,10.29,4.692,8.223,2.019,6.394,313.707,8.511,6.021,13.181,31.811,14.587,12.261,115.116,1.147,28.632,4.961,15.487
34.734,11.285,5.779,48.88,5.429,10.541,34.775,21.758,57.569,0.653,25.567,7.026,30.581,10.959,11.078,17.791,1.134,15.082,39.649,17.487,4.299,5.618,43.493,61.109,6.39,35.109,1.207,1.077,24.328,16.902,32.708,12.216,60.982,34.982,14.187,32.179,21.846,6.335,31.259,14.562,6.418,13.162,304.412,105.279,9.459,13.353,18.766,106.429,122.577,119.112,5.495,64.945,41.986,43.333,1.004,42.888,17.139,27.538
11.452,1.147,0.824,6.737,20.432,8.178,32.442,57.954,34.826,19.898,38.466,7.473,19.276,26.689,9.107,3.858,16.662,4.565,4.9,2.421,7.36,34.732,6.726,1.259,3.353,10.942,9.592,9.003,7.829,56.852,5.762,5.046,5.353,18.624,6.512,0.749,12.118,43.295,10.129,25.247,117.267,105.565,107.613,12.659,4.713,5.031,8.241,5.502,121.919,6.375,38.482,96.343,10.936,3.891,22.861,23.659,19.959,9.207
34.871,11.744,12.216,4.516,1.642,12.89,8.888,7.654,11.372,20.43,12.551,6.702,4.445,7.481,9.476,20.49,10.529,10.138,19.062,0.762,13.872,40.412,50.771,6.982,6.471,11.192,2.448,29.958,34.539,15.379,5.044,9.017,2.115,5.935,2.471,3.891,13.18,10.472,23.121,9.727,300.644,413.98,102.011,9.957,0.221,11.276,11.696,108.354,15.899,123.016,39.489,7.149,13.45,2.337,13.387,4.828,6.146,26.906
122.173,40.792,30.625,10.908,10.537,5.262,9.105,4.597,29.518,25.401,0.858,2.225,2.69,6.709,37.478,0.633,3.032,3.877,10.624,21.598,34.674,8.061,15.16,98.744,1.539,11.989,2.602,11.09,59.993,30.704,0.706,7.716,18.542,14.816,9.151,15.909,13.218,16.135,51.818,61.077,11.777,0.533,105.343,2.349,2.017,6.574,1.338,3.004,110.209,9.94,141.038,55.701,95.715,101.348,8.751,14.737,9.018,3.204
24.957,9.059,3.549,22.47,26.279,23.966,4.092,12.854,51.44,2.611,136.418,1.239,8.1,33.918,6.932,4.107,0.157,5.181,33.637,9.978,12.765,3.661,16.269,5.766,12.371,25.616,25.652,45.899,100.527,22.734,28.119,60.915,53.173,15.134,46.622,16.16,24.377,2.606,58.255,101.019,13.853,2.857,104.249,113.135,113.51,13.797,16.879,2.914,12.283,12.789,52.23,27.742,44.211,11.538,2.555,2.749,47.501,65.634
13.684,63.578,5.006,6.531,24.376,5.59,2.85,23.66,5.631,10.734,2.206,6.331,1.35,10.383,96.596,19.539,15.397,1.652,2.898,54.065,19.49,16.671,7.328,1.102,10.446,34.967,11.844,1.398,17.289,13.245,40.054,8.008,2.883,6.714,6.905,67.497,42.788,118.497,6.731,12.336,109.196,1.527,106.294,211.899,207.543,8.044,100.514,215.86,26.327,29.536,27.411,16.462,99.378,16.137,6.587,27.166,13.129,7.514
2.6,46.864,26.675,10.927,27.8,7.547,16.649,21.348,15.465,42.293,24.128,39.006,6.873,26.831,1.575,32.54,13.374,19.653,17.161,4.414,2.597,18.188,54.363,9.504,9.656,4.6,3.36,44.31,12.303,30.219,15.773,10.097,8.137,17.77,7.144,13.087,79.652,123.219,15.039,53.522,0.47,2.642,103.665,2.714,205.438,113.209,16.673,1.081,48.7,25.248,27.917,98.868,79.759,138.097,12.965,17.522,34.284,5.451
29.448,32.418,6.214,11.783,17.789,28.98,18.101,0.453,2.277,4.409,8.816,22.577,44.702,8.077,3.983,39.426,3.606,27.203,14.656,4.745,4.618,46.38,45.308,51.124,22.882,15.528,16.639,32.294,33.568,24.483,13.409,2.311,96.809,16.16,7.261,12.073,10.188,0.885,5.022,58.428,101.281,315.673,209.878,201.857,317.055,136.031,20.135,1.211,132.199,1.81,41.233,48.876,70.282,122.193,17.36,4.777,13.821,57.149
30.495,11.716,33.67,15.348,8.857,14.636,18.417,11.635,15.339,10.843,0.526,22.393,24.963,22.534,43.076,12.929,13.879,21.764,10.7,10.063,29.58,1.09,20.413,37.05,10.542,16.135,6.305,6.658,41.93,1.952,54.519,5.37,27.78,4.404,20.485,8.116,26.613,64.089,25.361,44.088,307.36,3.668,107.18,12.296,4.541,7.671,108.604,318.409,6.032,105.302,108.062,7.57,42.823,12.565,11.941,9.869,62.852,31.257
20.717,5.023,16.314,34.547,47.345,19.858,12.006,6.757,12.732,2.158,23.495,10.072,5.638,12.063,4.545,5.666,42.279,66.641,8.714,36.384,4.273,5.284,1.281,5.504,52.013,24.824,9.434,2.875,6.668,13.776,8.75,15.604,31.171,52.155,12.275,6.004,38.755,29.709,40.751,63.253,201.773,2.376,203.754,211.277,3.421,401.889,8.279,118.826,10.603,102.591,44.712,13.854,30.696,128.675,15.615,57.739,39.916,28.043
38.127,17.95,2.564,17.81,3.187,18.71,13.61,13.051,6.239,15.477,3.799,11.184,53.003,6.187,2.511,13.947,19.953,43.302,101.709,25.513,18.81,22.196,1.193,3.413,7.297,1.232,14.428,8.56,9.283,1.664,14.342,28.496,10.67,65.769,13.858,20.146,28.349,10.328,11.087,82.625,4.946,104.978,12.137,0.465,0.722,14.813,10.881,4.13,28.12,131.099,94.389,6.281,111.131,16.551,16.998,30.332,31.885,53.988
2.981,4.598,51.615,8.73,12.968,5.12,5.934,25.506,19.095,10.322,131.964,26.608,5.599,11.793,43.823,12.973,28.9,5.759,1.771,28.541,13.154,27.749,25.365,15.54,0.419,6.105,18.186,39.332,51.271,38.317,21.758,18.834,16.291,29.165,6.713,33.868,44.139,22.548,14.767,14.237,402.942,5.442,4.472,126.714,206.234,7.124,110.789,1.028,131.456,207.276,39.904,144.379,33.709,14.917,70.609,4.987,15.443,11.267
34.052,17.667,24.115,3.518,15.285,12.911,0.635,43.253,47.702,12.622,9.126,9.624,8.738,2.68,6.835,10.222,12.546,8.806,13.368,1.137,12.064,6.077,37.181,19.22,3.049,10.068,20.9,30.7,4.645,9.377,27.951,59.061,31.504,6.56,27.628,10.954,12.139,23.009,10.721,12.937,104.876,1000,304.738,112.019,102.371,7.222,419.719,9.845,132.374,56.926,15.172,119.146,22.609,0.564,17.951,5.398,29.92,33.775
10.514,6.587,30.238,41.197,17.228,5.612,1.229,38.773,5.676,19.175,1.079,24.581,6.941,5.036,20.223,11.455,18.466,6.376,7.126,23.227,9.988,6.911,28.944,7.601,39.188,23.295,26.367,21.242,0.882,19.56,2.86,15.882,8.536,4.547,9.91,30.146,2.769,49.785,5.006,5.2,3.384,12.693,11.74,1.099,113.352,4.955,102.722,303.218,61.58,192.629,18.919,106.926,39.731,9.861,11.768,20.31,27.18,30.846
38.131,24.752,11.439,26.629,5.785,51.815,8.257,9.387,18.322,12.998,10.927,11.183,2.238,6.544,7.19,3.409,19.578,3.179,22.762,7.438,3.01,2.945,9.445,0.985,2.824,22.726,26.977,55.914,19.805,95.347,18.647,28.419,55.998,8.764,57.163,12.706,49.792,4.438,30.463,15.193,110.368,116.494,200.679,101.096,17.389,108.685,107.33,5.09,429.748,116.91,103.465,32.577,32.241,108.853,19.214,83.195,22.992,18.885
6.502,5.7,167.17,9.015,9.223,17.499,2.264,5.541,9.876,19.972,7.045,4.861,20.633,22.817,19.326,21.936,2.408,1.353,25.93,28.217,21.147,8.461,13.717,7.509,5.911,0.648,9.852,20.586,10.38,61.534,7.288,7.357,18.539,5.428,69.461,30.003,42.764,21.206,20.479,4.591,307.198,18.906,9.672,202.268,101.578,301.939,14.439,7.733,115.308,12.872,12.271,18.793,51.297,9.194,5.257,3.257,71.581,15.668
33.319,13.967,16.423,46.045,58.075,28.905,6.623,3.162,19.595,20.598,13.521,15.912,11.717,7.77,25.572,30.665,2.205,25.588,12.71,12.138,8.561,5.561,0.62,1.116,6.185,12.016,7.145,0.818,3.55,11.403,8.068,18.081,0.37,76.77,50.352,3.776,11.096,62.346,5.93,47.317,207.483,8.918,9.876,204.919,9.647,117.065,7.944,12.433,5.447,2.94,40.686,35.773,6.192,5.739,13.402,19.094,54.374,8.731
17.77,13.174,42.603,10.068,43.641,12.515,7.462,4.694,26.726,24.251,13.052,9.313,3.593,17.9,17.148,5.753,18.221,13.11,37.88,18.43,7.635,22.343,14.845,2.327,2.85,72.64,18.94,22.386,27.412,6.784,33.655,6.639,36.527,18.105,52.808,43.087,25.278,13.586,25.565,5.133,301.602,4.562,400.481,2.347,1.997,2.724,100.5,114.757,23.075,131.527,3.316,9.612,38.92,0.806,14.192,37.161,34.779,56.567
112.195,8.004,15.215,40.169,13.193,113.197,8.801,13.558,19.577,72.963,8.726,10.39,14.424,9.772,1.041,15.768,14.237,48.821,13.275,11.757,5.951,7.618,27.021,3.099,34.021,8.555,4.688,17.602,1.732,37.372,17.337,28.156,5.198,18.131,16.604,12.373,30.546,19.998,52.708,19.568,102.968,209.486,5.746,101.255,6.678,2.743,202.535,10.935,9.556,10.918,22.992,98.556,5.681,209.615,25.074,2.957,26.869,7.33
23.912,3.264,3.929,25.181,33.024,0.87,9.9,15.974,18.917,8.045,47.221,2.596,2.201,3.973,1.047,5.972,14.04,51.33,13.043,1.45,8.506,16.463,18.78,2.971,8.864,9.8,22.608,13.106,0.575,5.126,27.986,18.498,10.096,14.801,39.354,10.9,54.818,17.131,13.915,11.483,311.31,502.096,1.565,112.015,2.97,108.824,1.817,100.497,47.765,3.186,59.19,9.536,4.713,82.541,10.943,8.263,23.052,7.707
1.964,15.362,4.655,2.112,5.81,33.928,28.142,19.496,19.599,17.474,5.426,1.028,7.736,4.737,0.804,21.463,5.987,4.598,1.779,2.927,8.81,20.229,27.436,39.193,26.019,21.827,26.451,15.32,6.65,9.201,2.559,18.618,5.48,6.684,58.631,1.491,20.496,16.585,68.145,53.393,207.644,100.784,302.555,2.084,22.959,312.822,1.557,3.899,11.491,1.174,9.007,71.96,4.877,26.99,0.302,46.989,33.208,147.659
100.516,4.109,5.751,5.843,24.849,1.609,6.566,15.735,2.728,4.723,8.315,10.963,69.555,2.191,28.617,7.724,24.783,25.815,39.268,7.93,9.054,39.249,1.88,27.129,15.418,4.366,7.245,34.735,3.047,2.796,4.301,4.436,2.953,14.191,7.765,6.318,36.203,19.509,8.644,25.625,112.13,14.971,7.723,409.317,3.227,203.842,17.894,1.159,3.042,7.448,66.662,18.88,12.36,59.484,37.646,31.956,14.082,25.393
15.246,5.648,13.215,19.995,2.61,15.418,7.439,10.677,4.812,3.839,21.616,32,16.782,12.617,11.954,1.727,2.041,8.394,46.441,28.773,3.671,15.249,1.078,6.453,7.316,8.246,4.012,35.552,5.424,17.659,39.371,42.836,22.137,12.19,2.726,6.303,15.085,48.155,17.583,2.449,7.425,102.136,16.557,4.704,112.85,106.732,7.672,204.942,4.003,26.273,16.171,5.844,99.472,148.003,24.524,28.345,34.074,39.965
8.165,3.84,12.554,92.829,15.133,23.646,4.708,17.969,11.277,7.838,0.186,39.18,8.201,7.974,11.847,2.126,21.702,5.726,34.456,2.837,19.031,7.323,2.625,8.164,8.835,11.557,6.056,33.468,25.466,4.688,40.977,15.009,12.011,76.336,2.149,4.607,42.062,82.275,39.032,45.93,1.493,208.799,401.706,108.236,2.668,1.712,102.871,407.801,249.92,37.468,10.26,30.226,44.041,50.08,25.277,1.289,18.95,20.879