0.8	0.9	1	1.1	1.2	
0.999995	0.999999	0.9999995	1	
100000	
0.8,	0.8,	0.8,	0.8,	0.9,	0.9,	0.9,	0.9,	1,	1,	1,	1,	1.1,	1.1,	1.1,	1.1,	1.2,	1.2,	1.2,	1.2,	
0.999995,	0.999999,	0.9999995,	1,	0.999995,	0.999999,	0.9999995,	1,	0.999995,	0.999999,	0.9999995,	1,	0.999995,	0.999999,	0.9999995,	1,	0.999995,	0.999999,	0.9999995,	1,	
100000,	100000,	100000,	100000,	100000,	100000,	100000,	100000,	100000,	100000,	100000,	100000,	100000,	100000,	100000,	100000,	100000,	100000,	100000,	100000,	
2,	2,	2,	4,	2,	2,	2,	2,	2,	2,	2,	2,	2,	2,	2,	2,	2,	4,	2,	2,	
2,	2,	2,	2,	2,	2,	2,	2,	2,	2,	2,	2,	2,	2,	2,	2,	2,	2,	2,	2,	
2,	2,	2,	2,	2,	2,	2,	2,	2,	2,	2,	2,	2,	2,	2,	2,	2,	2,	4,	4,	
2,	2,	2,	2,	2,	2,	3,	2,	2,	2,	2,	2,	2,	2,	2,	4,	2,	2,	2,	2,	
2,	2,	2,	2,	2,	2,	2,	2,	2,	2,	2,	2,	2,	2,	2,	2,	2,	2,	2,	3,	
2,	2,	2,	2,	2,	2,	2,	2,	2,	2,	2,	2,	2,	2,	2,	2,	2,	2,	2,	2,	
2,	2,	2,	2,	2,	2,	2,	2,	2,	2,	2,	2,	2,	2,	2,	2,	2,	2,	4,	2,	
2,	2,	2,	2,	2,	2,	2,	2,	2,	2,	2,	2,	2,	2,	2,	2,	2,	3,	2,	2,	
2,	2,	2,	2,	2,	2,	2,	2,	2,	2,	2,	4,	2,	2,	2,	2,	2,	2,	2,	2,	
2,	2,	2,	2,	2,	2,	2,	2,	2,	2,	2,	2,	2,	2,	4,	2,	2,	2,	2,	2,	
4,	2,	2,	2,	2,	2,	2,	2,	2,	2,	2,	2,	2,	2,	2,	2,	2,	2,	2,	2,	
2,	2,	2,	2,	2,	2,	2,	2,	2,	2,	2,	2,	2,	2,	2,	2,	2,	2,	2,	2,	
2,	2,	2,	2,	2,	2,	2,	2,	2,	2,	2,	2,	2,	3,	2,	2,	2,	2,	2,	2,	
2,	2,	2,	2,	2,	2,	2,	2,	2,	2,	2,	2,	2,	2,	2,	2,	2,	2,	3,	4,	
4,	2,	2,	2,	3,	2,	2,	2,	2,	2,	2,	2,	2,	2,	2,	2,	2,	2,	3,	3,	
2,	2,	2,	2,	2,	2,	2,	2,	2,	2,	2,	2,	2,	2,	2,	2,	2,	3,	2,	4,	
2,	2,	2,	2,	2,	2,	2,	2,	2,	2,	2,	2,	4,	2,	2,	2,	2,	2,	3,	2,	
2,	2,	2,	2,	2,	2,	2,	2,	2,	2,	2,	2,	2,	2,	2,	2,	2,	3,	2,	4,	
2,	2,	2,	2,	2,	2,	2,	2,	2,	2,	2,	2,	2,	2,	2,	2,	2,	2,	2,	3,	
2,	2,	2,	2,	2,	2,	2,	2,	2,	2,	2,	3,	2,	2,	2,	2,	2,	2,	2,	2,	
2,	2,	2,	2,	2,	2,	2,	2,	3,	2,	2,	2,	2,	2,	2,	2,	2,	2,	2,	2,	
2,	2,	2,	2,	2,	2,	2,	2,	2,	2,	2,	2,	2,	2,	4,	2,	2,	3,	3,	2,	
2,	2,	2,	2,	2,	2,	2,	2,	2,	2,	2,	2,	2,	2,	2,	2,	2,	2,	2,	4,	
2,	2,	2,	2,	2,	2,	2,	2,	2,	2,	2,	2,	2,	3,	2,	2,	2,	2,	2,	4,	
2,	2,	2,	2,	2,	2,	2,	2,	2,	2,	2,	2,	2,	2,	2,	2,	2,	2,	2,	2,	
2,	2,	2,	2,	2,	2,	2,	2,	2,	2,	2,	2,	2,	2,	2,	2,	2,	2,	2,	2,	
2,	2,	2,	2,	4,	2,	2,	2,	2,	2,	2,	2,	2,	2,	2,	2,	2,	2,	3,	2,	
2,	2,	2,	2,	2,	2,	2,	2,	2,	2,	2,	2,	2,	2,	2,	2,	2,	2,	2,	4,	
2,	2,	2,	2,	2,	2,	2,	2,	2,	2,	2,	2,	2,	2,	3,	2,	2,	4,	4,	2,	
2,	2,	2,	2,	97.707,	2,	2,	2,	2,	2,	2,	2,	2,	2,	2,	2,	2,	2,	2,	2,	
2,	2,	2,	2,	2,	2,	2,	2,	2,	2,	2,	2,	2,	2,	2,	2,	2,	2,	2,	3,	
2,	2,	2,	2,	2,	2,	2,	2,	2,	2,	2,	2,	2,	2,	2,	2,	2,	2,	2,	2,	
2,	2,	2,	2,	2,	2,	2,	2,	2,	2,	2,	2,	2,	2,	2,	3,	2,	3,	2,	2,	
2,	2,	2,	2,	2,	2,	2,	2,	2,	80.326,	2,	2,	2,	2,	2,	2,	2,	2,	2,	2,	
2,	2,	2,	2,	2,	2,	2,	2,	2,	2,	2,	2,	2,	2,	2,	2,	2,	2,	2,	2,	
4,	2,	2,	2,	2,	2,	2,	2,	2,	2,	2,	2,	2,	2,	2,	2,	2,	2,	2,	4,	
2,	2,	2,	2,	2,	2,	2,	2,	2,	2,	2,	2,	2,	2,	2,	2,	2,	2,	2,	2,	
2,	2,	2,	2,	2,	2,	2,	2,	2,	2,	2,	2,	2,	2,	2,	2,	2,	2,	4,	3,	
2,	2,	2,	2,	2,	2,	2,	2,	2,	2,	2,	2,	2,	2,	2,	2,	2,	2,	2,	2,	
4,	2,	2,	2,	2,	2,	2,	2,	2,	2,	2,	2,	2,	2,	2,	2,	2,	2,	2,	2,	
2,	2,	2,	2,	2,	2,	2,	2,	2,	2,	2,	2,	2,	2,	2,	2,	2,	3,	2,	3,	
2,	2,	2,	2,	2,	2,	2,	2,	2,	2,	2,	2,	2,	2,	2,	2,	2,	2,	2,	2,	
2,	2,	2,	2,	2,	2,	2,	2,	2,	2,	2,	2,	2,	2,	2,	2,	2,	2,	2,	2,	
2,	2,	2,	2,	2,	2,	2,	2,	2,	2,	2,	2,	2,	2,	2,	2,	2,	2,	2,	4,	
2,	2,	2,	2,	2,	2,	2,	2,	2,	2,	2,	2,	2,	2,	2,	2,	2,	2,	2,	2,	
3,	2,	2,	2,	2,	2,	2,	2,	2,	2,	2,	2,	2,	4,	2,	2,	2,	2,	2,	4,	
2,	2,	2,	2,	2,	2,	2,	2,	2,	2,	2,	2,	2,	2,	2,	2,	2,	2,	4,	2,	
2,	2,	2,	2,	2,	2,	58.867,	2,	2,	2,	2,	2,	2,	2,	2,	3,	2,	2,	2,	2,	
2,	2,	2,	2,	2,	2,	2,	2,	2,	2,	2,	2,	2,	2,	3,	2,	2,	2,	2,	2,	
2,	4,	2,	2,	2,	2,	2,	2,	2,	2,	2,	2,	2,	2,	2,	2,	2,	4,	3,	2,	
4,	2,	2,	2,	2,	2,	2,	2,	2,	2,	2,	2,	92.443,	2,	2,	2,	2,	2,	2,	4,	
2,	2,	2,	2,	2,	2,	2,	2,	2,	2,	2,	2,	2,	2,	2,	2,	2,	2,	2,	2,	
2,	2,	2,	2,	2,	2,	2,	2,	2,	2,	2,	2,	2,	2,	2,	2,	2,	2,	4,	2,	
4,	2,	2,	2,	2,	2,	2,	2,	2,	2,	2,	2,	2,	2,	2,	2,	4,	2,	2,	2,	
4,	2,	2,	2,	2,	2,	2,	2,	2,	2,	2,	2,	2,	2,	2,	2,	2,	2,	2,	2,	
2,	2,	2,	2,	2,	2,	2,	2,	2,	2,	2,	2,	2,	2,	2,	2,	2,	2,	2,	2,	
2,	2,	2,	2,	3,	2,	2,	2,	2,	2,	2,	2,	2,	2,	2,	4,	2,	2,	2,	2,	
2,	2,	2,	2,	2,	2,	2,	2,	2,	2,	2,	2,	2,	2,	2,	2,	2,	3,	2,	3,	
2,	2,	2,	2,	2,	2,	2,	2,	2,	2,	2,	2,	2,	3,	2,	2,	2,	2,	2,	2,	
2,	2,	2,	2,	2,	2,	2,	2,	2,	2,	2,	2,	2,	2,	2,	2,	2,	2,	2,	3,	
2,	2,	2,	2,	2,	2,	2,	2,	2,	2,	2,	2,	2,	2,	2,	2,	2,	2,	2,	2,	
2,	2,	2,	2,	2,	2,	2,	2,	2,	2,	2,	2,	2,	2,	2,	2,	2,	2,	3,	2,	
2,	2,	2,	2,	2,	2,	2,	2,	2,	2,	2,	2,	3,	2,	3,	2,	2,	3,	3,	2,	
2,	2,	3,	2,	2,	2,	2,	2,	2,	2,	2,	2,	2,	2,	3,	2,	2,	2,	2,	2,	
2,	2,	2,	2,	2,	2,	2,	3,	2,	2,	2,	2,	2,	2,	2,	2,	2,	4,	2,	2,	
2,	2,	2,	2,	2,	2,	2,	2,	2,	2,	2,	2,	2,	2,	2,	2,	2,	2,	3,	4,	
2,	2,	2,	2,	2,	2,	2,	2,	2,	2,	2,	2,	2,	2,	2,	2,	2,	2,	2,	2,	
3,	2,	2,	2,	2,	2,	2,	2,	2,	2,	2,	2,	2,	2,	2,	2,	2,	2,	2,	4,	
2,	2,	2,	2,	2,	2,	2,	2,	2,	2,	2,	2,	2,	2,	2,	2,	2,	2,	2,	2,	
2,	2,	2,	2,	2,	2,	2,	2,	2,	2,	2,	2,	2,	2,	2,	2,	2,	3,	2,	3,	
2,	2,	2,	2,	2,	2,	2,	2,	2,	2,	2,	2,	2,	2,	2,	2,	2,	3,	2,	2,	
2,	2,	2,	2,	2,	2,	2,	2,	2,	2,	2,	2,	2,	2,	2,	3,	2,	2,	4,	3,	
2,	2,	2,	2,	2,	2,	2,	2,	2,	2,	2,	2,	2,	2,	2,	2,	2,	2,	2,	2,	
2,	2,	2,	2,	2,	2,	2,	2,	2,	2,	2,	2,	2,	2,	2,	2,	2,	4,	2,	2,	
2,	2,	2,	2,	2,	2,	2,	2,	2,	2,	2,	2,	2,	2,	3,	2,	2,	2,	2,	2,	
4,	2,	2,	2,	2,	2,	2,	2,	2,	2,	2,	2,	2,	2,	48.454,	2,	2,	4,	2,	2,	
2,	2,	2,	2,	2,	2,	2,	2,	2,	2,	2,	2,	2,	2,	2,	2,	2,	2,	2,	2,	
2,	2,	2,	2,	2,	2,	2,	2,	2,	2,	2,	2,	2,	2,	2,	2,	2,	2,	3,	4,	
2,	2,	2,	2,	2,	2,	2,	2,	2,	2,	2,	2,	2,	2,	2,	2,	2,	2,	2,	2,	
2,	2,	2,	2,	2,	2,	2,	2,	2,	2,	2,	2,	2,	4,	2,	2,	2,	2,	2,	3,	
2,	2,	2,	2,	2,	2,	2,	2,	2,	2,	2,	2,	2,	2,	2,	2,	2,	2,	2,	2,	
2,	2,	2,	2,	2,	2,	2,	2,	2,	2,	2,	2,	2,	2,	3,	2,	2,	2,	2,	3,	
2,	2,	2,	2,	2,	2,	2,	2,	2,	2,	2,	2,	2,	2,	4,	2,	2,	2,	2,	2,	
2,	2,	2,	2,	2,	2,	2,	2,	2,	2,	2,	2,	2,	2,	2,	2,	2,	2,	2,	2,	
2,	2,	2,	2,	2,	2,	2,	2,	2,	2,	2,	2,	2,	2,	2,	2,	2,	2,	3,	2,	
2,	2,	2,	2,	2,	2,	2,	2,	2,	2,	2,	2,	2,	2,	2,	2,	2,	2,	3,	2,	
2,	2,	2,	2,	2,	2,	2,	2,	2,	2,	2,	2,	2,	2,	2,	2,	2,	4,	2,	3,	
2,	2,	2,	2,	2,	2,	2,	2,	2,	2,	2,	2,	2,	2,	2,	2,	2,	2,	3,	2,	
2,	4,	2,	2,	2,	2,	2,	2,	2,	2,	2,	2,	2,	2,	2,	3,	2,	2,	2,	4,	
2,	2,	2,	2,	2,	2,	2,	2,	2,	2,	2,	2,	2,	2,	2,	2,	2,	2,	4,	2,	
2,	3,	2,	2,	2,	2,	2,	2,	2,	2,	2,	2,	2,	2,	2,	2,	2,	2,	2,	2,	
2,	2,	2,	2,	2,	2,	2,	2,	2,	2,	2,	2,	2,	2,	2,	2,	2,	2,	2,	2,	
2,	2,	2,	2,	2,	2,	2,	2,	2,	2,	2,	2,	2,	2,	2,	2,	2,	2,	4,	2,	
2,	2,	2,	2,	2,	2,	2,	2,	2,	2,	2,	2,	2,	2,	2,	2,	2,	2,	2,	2,	
2,	2,	2,	2,	2,	2,	2,	2,	2,	2,	2,	2,	2,	2,	2,	2,	2,	2,	2,	4,	
2,	2,	2,	2,	2,	2,	2,	2,	2,	2,	2,	2,	2,	2,	2,	2,	2,	2,	2,	2,	
2,	2,	2,	2,	2,	2,	2,	2,	2,	2,	2,	2,	2,	2,	2,	2,	2,	2,	2,	2,	
2,	2,	2,	2,	2,	2,	2,	2,	2,	2,	2,	2,	2,	2,	2,	3,	2,	2,	2,	2,	
2,	2,	2,	2,	2,	2,	2,	2,	2,	2,	2,	2,	2,	2,	2,	2,	2,	2,	2,	2,	
2,	2,	2,	2,	2,	2,	2,	2,	2,	2,	2,	2,	2,	2,	2,	2,	2,	2,	2,	2,	
