0.5	1	1.5	2	
0.999999	0.99999	0.9999	
100000	
0.5,	0.5,	0.5,	1,	1,	1,	1.5,	1.5,	1.5,	2,	2,	2,	
0.999999,	0.99999,	0.9999,	0.999999,	0.99999,	0.9999,	0.999999,	0.99999,	0.9999,	0.999999,	0.99999,	0.9999,	
100000,	100000,	100000,	100000,	100000,	100000,	100000,	100000,	100000,	100000,	100000,	100000,	
20.714,	710.301,	2.884,	59.356,	25.091,	510.493,	+1000,	51.122,	7.728,	+1000,	87.329,	113.289,	
50.212,	5.732,	+1000,	1.818,	8.51,	404.915,	64.969,	64.446,	603.48,	+1000,	62.165,	110.86,	
2.015,	20.448,	804.989,	61.175,	5.346,	504.869,	744.587,	32.459,	404.738,	486.696,	93.606,	114.825,	
3.636,	22.467,	800.798,	12.382,	3.87,	102.525,	152.057,	38.426,	205.45,	+1000,	60.878,	107.984,	
52.24,	10.281,	+1000,	91.206,	17.779,	701.305,	390.765,	54.043,	10.301,	+1000,	89.587,	111.85,	
102.077,	307.8,	+1000,	9.781,	115.068,	3.594,	971.553,	74.968,	407.191,	+1000,	81.809,	214.384,	
103.867,	+1000,	+1000,	6.013,	21.799,	301.839,	656.288,	33.152,	603.946,	+1000,	92.817,	209.883,	
13.52,	614.257,	+1000,	157.106,	11.664,	305.478,	588.201,	46.197,	105.227,	+1000,	76.614,	117.571,	
82.19,	3.436,	+1000,	26.517,	108.315,	200.346,	417.867,	74.674,	512.615,	+1000,	46.227,	107.654,	
171.179,	308.688,	+1000,	7.621,	13.712,	13.056,	+1000,	34.152,	305.634,	+1000,	161.954,	11.364,	
165.018,	501.991,	+1000,	20.323,	12.551,	700.331,	250.371,	48.673,	612.795,	+1000,	55.384,	8.89,	
125.228,	523.876,	+1000,	24.042,	17.355,	104.959,	328.244,	38.691,	702.915,	+1000,	54.418,	8.465,	
26.292,	419.247,	+1000,	48.543,	9.42,	105.478,	49.746,	139.841,	309.72,	+1000,	59.611,	8.685,	
88.934,	233.042,	402.525,	86.686,	15.974,	104.267,	+1000,	65.293,	205.226,	+1000,	93.238,	13.064,	
257.871,	902.673,	+1000,	68.263,	18.384,	1.024,	+1000,	270.088,	7.004,	+1000,	87.973,	314.821,	
326.611,	807.025,	+1000,	24.474,	16.836,	201.526,	184.371,	86.432,	307.791,	+1000,	79.044,	307.53,	
13.496,	139.56,	403.53,	20.827,	16.278,	307.761,	+1000,	69.68,	404.71,	+1000,	67.464,	10.753,	
36.902,	719.154,	+1000,	19.26,	8.861,	103.963,	863.908,	38.738,	309.391,	+1000,	80.201,	208.025,	
201.282,	111.882,	+1000,	69.411,	6.635,	511.373,	997.401,	52.552,	4.687,	+1000,	45.393,	209.772,	
83.279,	+1000,	+1000,	3.065,	14.177,	3.581,	196.909,	87.451,	5.934,	+1000,	168.991,	309.135,	
17.656,	110.142,	+1000,	21.196,	13.647,	3.81,	692.29,	66.545,	6.203,	+1000,	56.951,	10.976,	
12.345,	9.326,	101.735,	64.71,	13.306,	9.77,	146.784,	64.622,	4.868,	+1000,	194.792,	312.977,	
39.857,	333.76,	+1000,	13.546,	24.369,	602.288,	+1000,	64.049,	103.238,	+1000,	65.83,	9.514,	
31.386,	236.42,	+1000,	6.747,	37.618,	713.408,	355.135,	67.245,	7.202,	+1000,	86.994,	113.503,	
42.51,	207.034,	+1000,	2.995,	6.73,	100.601,	+1000,	48.932,	107.756,	+1000,	79.548,	5.701,	
80.648,	201.525,	+1000,	9.563,	8.923,	300.532,	516.028,	41.588,	113.636,	+1000,	82.379,	211.383,	
48.598,	+1000,	+1000,	16.802,	10.252,	202.608,	+1000,	39.991,	3.393,	+1000,	98.058,	5.754,	
1.231,	112.903,	801.421,	27.879,	33.698,	2.388,	957.585,	45.434,	106.103,	+1000,	162.606,	11.687,	
75.713,	204.184,	+1000,	5.975,	122.949,	12.463,	689.165,	54.128,	4.867,	+1000,	81.304,	309.275,	
36.243,	10.946,	+1000,	41.172,	53.897,	101.017,	+1000,	55.141,	305.826,	+1000,	68.487,	107.719,	
