0.5	1	1.5	2	
0.999999	0.99999	0.9999	
100000	
0.5,	0.5,	0.5,	1,	1,	1,	1.5,	1.5,	1.5,	2,	2,	2,	
0.999999,	0.99999,	0.9999,	0.999999,	0.99999,	0.9999,	0.999999,	0.99999,	0.9999,	0.999999,	0.99999,	0.9999,	
100000,	100000,	100000,	100000,	100000,	100000,	100000,	100000,	100000,	100000,	100000,	100000,	
73.835,	+1000,	200.789,	0.898,	2.457,	4.84,	2.179,	2.802,	0.877,	92.253,	26.622,	6.473,	
7.622,	7.272,	806.137,	2.24,	2.509,	101.64,	19.592,	28.407,	2.446,	161.733,	2.01,	5.08,	
7.4,	10.485,	+1000,	8.63,	4.012,	204.589,	7.322,	16.314,	3.187,	121.865,	34.16,	4.794,	
2.868,	17.98,	502.202,	2.326,	2.224,	2.088,	10.14,	6.921,	3.26,	53.261,	29.65,	6.108,	
3.321,	0.478,	103.398,	6.602,	5.023,	5.953,	27.379,	11.952,	4.936,	595.331,	27.413,	7.52,	
92.828,	0.808,	2.91,	5.307,	11.195,	2.358,	20.297,	19.116,	101.115,	75.102,	36.158,	6.359,	
14.292,	0.917,	+1000,	4.774,	15.233,	4.543,	8.263,	3.75,	7.531,	395.459,	30.867,	305.342,	
766.448,	6.007,	7.934,	6.681,	1.276,	6.417,	7.355,	10.612,	3.743,	77.983,	33.085,	5.079,	
1.837,	409.508,	+1000,	2.806,	5.412,	2.019,	18.973,	23.214,	2.585,	144.123,	35.129,	9.372,	
17.333,	1.053,	+1000,	0.584,	18.089,	2.572,	6.619,	13.665,	3.411,	383.678,	19.014,	107.915,	
4.801,	8.14,	100.844,	8.896,	4.48,	2.706,	28.344,	2.306,	2.952,	45.498,	28.652,	9.8,	
21.395,	0.838,	+1000,	4.387,	0.559,	3.797,	13.577,	3.998,	3.174,	99.766,	27.208,	6.17,	
15.184,	+1000,	200.749,	1.755,	4.112,	7.63,	10.585,	7.912,	1.567,	113.499,	36.784,	2.511,	
39.356,	3.71,	509.253,	10.815,	1.329,	6.739,	10.7,	14.697,	0.452,	171.953,	21.13,	9.873,	
21.73,	12.631,	+1000,	4.903,	0.299,	2.446,	17.334,	15.255,	1.249,	236.872,	37.875,	10.993,	
8.703,	447.386,	205.204,	3.317,	3.089,	1.995,	14.432,	16.066,	4.868,	14.669,	17.308,	7.9,	
11.685,	6.108,	0.711,	0.794,	3.667,	103.003,	23.883,	9.629,	3.943,	159.303,	27.895,	7.805,	
0.87,	14.94,	102.227,	1.057,	0.96,	3.898,	12.711,	3.062,	104.658,	6.623,	30.038,	4.582,	
17.693,	+1000,	+1000,	0.634,	4.827,	101.386,	7.147,	13.026,	2.601,	622.12,	31.802,	7.492,	
33.775,	0.701,	302.401,	0.861,	3.377,	0.62,	3.835,	8.176,	2.255,	43.295,	1.739,	3.563,	
1.044,	+1000,	+1000,	0.863,	2.795,	101.128,	6.386,	15.95,	106.378,	164.59,	48.559,	6.02,	
184.604,	4.325,	105.021,	0.436,	1.085,	3.59,	8.046,	12.786,	101.095,	76.189,	33.858,	6.875,	
18.616,	402.371,	601.072,	4.64,	1.203,	2.282,	2.864,	0.977,	3.05,	214.789,	37.929,	7.454,	
4.507,	23.417,	1.188,	7.682,	1.674,	4.63,	14.012,	9.534,	8.109,	69.021,	30.872,	13.516,	
3.829,	109.23,	+1000,	2.678,	5.642,	6.093,	8.663,	2.787,	1.722,	903.054,	20.874,	7.632,	
2.11,	14.222,	702.171,	1.093,	32.368,	102.801,	11.612,	9.157,	5.094,	166.832,	39.528,	5.308,	
9.929,	713.742,	100.039,	0.648,	1.564,	1.554,	16.661,	5.986,	2.277,	97.481,	37.996,	6.556,	
2.723,	11.377,	306.021,	1.494,	2.91,	3.518,	28.611,	8.929,	104.325,	27.687,	10.978,	11.92,	
3.148,	2.608,	101.216,	4.588,	5.473,	1.381,	4.425,	3.746,	5.748,	32.02,	34.162,	106.516,	
6.372,	+1000,	602.532,	7.31,	1.282,	1.218,	1.556,	3.665,	5.66,	107.927,	65.138,	5.829,	
