0.5	1	1.5	2	
0.999999	0.99999	0.9999	
100000	
0.5,	0.5,	0.5,	1,	1,	1,	1.5,	1.5,	1.5,	2,	2,	2,	
0.999999,	0.99999,	0.9999,	0.999999,	0.99999,	0.9999,	0.999999,	0.99999,	0.9999,	0.999999,	0.99999,	0.9999,	
100000,	100000,	100000,	100000,	100000,	100000,	100000,	100000,	100000,	100000,	100000,	100000,	
100.669,	8.435,	300.259,	5.486,	8.612,	205.43,	20.776,	31.919,	108.382,	172.11,	48.656,	6.624,	
30.245,	29.563,	+1000,	4.336,	5.675,	505.698,	28.457,	19.655,	4.882,	455.241,	50.001,	207.838,	
101.506,	7.085,	5.751,	16.583,	3.017,	503.046,	153.299,	39.449,	5.211,	+1000,	62.668,	5.751,	
118.352,	+1000,	3.645,	1.826,	2.263,	1.373,	23.961,	28.794,	210.326,	362.093,	48.353,	110.869,	
66.368,	+1000,	2.001,	23.158,	13.808,	207.032,	11.961,	38.386,	3.601,	41.989,	53.022,	105.857,	
29.375,	1.611,	604.447,	1.014,	5.069,	302.873,	275.062,	43.921,	3.142,	+1000,	48.985,	114.102,	
99.034,	18.406,	+1000,	10.253,	61.77,	204.77,	1.094,	54.357,	108.942,	21.809,	53.293,	7.719,	
1.859,	1.066,	5.407,	0.554,	3.978,	0.51,	74.993,	0.437,	9.263,	879.11,	32.015,	11.069,	
61.924,	4.418,	+1000,	30.791,	0.607,	202.975,	102.915,	12.691,	4.496,	290.752,	62.083,	107.148,	
187.515,	339.864,	602.242,	38.464,	25.879,	207.231,	31.53,	48.118,	8.029,	+1000,	58.781,	10.303,	
12.292,	314.07,	5.65,	12.786,	0.531,	2.876,	120.619,	18.328,	301.814,	+1000,	25.668,	11.048,	
25.162,	305.07,	+1000,	6.345,	1.872,	4.174,	101.418,	31.962,	5.336,	425.479,	148.115,	308.093,	
20.141,	635.446,	+1000,	21.496,	4.459,	3.452,	36.144,	41.99,	407.161,	+1000,	48.301,	4.757,	
1.754,	10.605,	+1000,	0.236,	15.121,	102.522,	13.975,	22.053,	2.557,	158.736,	50.236,	6.593,	
24.652,	13.078,	5.595,	5.788,	7.133,	8.783,	118.863,	29.186,	6.234,	42.299,	20.21,	4.674,	
60.894,	+1000,	6.111,	28.204,	9.287,	505.125,	177.517,	19.58,	101.988,	490.227,	28.332,	113.847,	
220.822,	916.425,	102.73,	5.292,	13.373,	102.909,	55.516,	18.457,	204.218,	+1000,	54.728,	207.265,	
13.162,	108.803,	100.311,	2.486,	9.707,	400.839,	2.267,	30.23,	9.573,	400.725,	42.35,	10.321,	
181.485,	0.559,	+1000,	43.422,	14.741,	504.176,	19.228,	1.91,	103.106,	678.565,	59.986,	8.438,	
114.674,	3.537,	+1000,	3.266,	1.95,	2.149,	18.284,	51.673,	9.922,	907.11,	50.515,	6.085,	
91.213,	70.542,	+1000,	7.044,	2.476,	103.348,	209.357,	19.212,	307.125,	738.516,	47.84,	306.96,	
117.56,	0.334,	100.689,	2.301,	8.087,	700.527,	53.607,	21.818,	4.59,	143.377,	29.263,	4.491,	
83.977,	211.107,	+1000,	5.788,	3.469,	300.537,	39.145,	26.329,	8.128,	281.222,	58.989,	808.128,	
112.37,	404.473,	3.833,	1.975,	17.05,	+1000,	25.483,	32.468,	3.57,	196.318,	66.58,	5.873,	
3.906,	209.909,	0.574,	3.25,	16.032,	103,	42.272,	12.411,	6.547,	+1000,	67.722,	308.684,	
302.746,	102.815,	+1000,	2.585,	18.557,	510.673,	14.244,	3.975,	108.153,	221.025,	32.746,	8.86,	
97.644,	+1000,	+1000,	22.621,	2.156,	5.799,	126.271,	16.605,	2.914,	484.916,	36.262,	8.237,	
136.587,	27.384,	700.776,	5.772,	30.31,	2.959,	4.243,	22.948,	105.686,	451.314,	32.241,	9.684,	
1.147,	+1000,	703.998,	44.915,	4.531,	1.326,	183.201,	12.947,	110.839,	+1000,	53.876,	8.291,	
67.392,	10.233,	101.333,	5.376,	5.955,	3.488,	26.513,	6.445,	5.664,	60.588,	46.804,	18.58,	
