0.5	1	1.5	2	
0.999999	0.99999	0.9999	
100000	
0.5,	0.5,	0.5,	1,	1,	1,	1.5,	1.5,	1.5,	2,	2,	2,	
0.999999,	0.99999,	0.9999,	0.999999,	0.99999,	0.9999,	0.999999,	0.99999,	0.9999,	0.999999,	0.99999,	0.9999,	
100000,	100000,	100000,	100000,	100000,	100000,	100000,	100000,	100000,	100000,	100000,	100000,	
141.135,	926.83,	+1000,	59.371,	9.018,	5.515,	145.429,	60.138,	407.225,	+1000,	53.716,	107.354,	
470.14,	705.873,	+1000,	6.003,	30.099,	400.117,	86.204,	48.383,	704.116,	+1000,	72.268,	613.411,	
21.363,	109.216,	+1000,	32.353,	29.095,	501.376,	587.164,	81.974,	405.296,	+1000,	94.126,	514.48,	
123.676,	18.836,	+1000,	6.163,	137.525,	404.254,	67.151,	69.656,	812.046,	+1000,	189.462,	9.397,	
26.1,	200.843,	+1000,	41.19,	9.028,	201.221,	+1000,	71.032,	307.672,	+1000,	285.808,	117.512,	
601.426,	204.266,	+1000,	49.726,	6.965,	113.945,	332.284,	35.527,	205.19,	+1000,	87.279,	707.247,	
112.138,	+1000,	+1000,	60.305,	48.991,	2.323,	+1000,	49.384,	113.287,	+1000,	85.161,	211.118,	
490.401,	+1000,	+1000,	55.865,	2.534,	605.16,	+1000,	53.05,	106.979,	+1000,	84.121,	711.048,	
203.713,	+1000,	+1000,	39.856,	3.845,	206.387,	+1000,	38.446,	+1000,	+1000,	63.952,	117.316,	
68.748,	305.802,	+1000,	30.364,	14.031,	112.262,	699.765,	39.198,	208.126,	+1000,	67.117,	510.623,	
792.552,	865.23,	+1000,	96.727,	31.01,	106.881,	314.542,	41.1,	+1000,	+1000,	158.632,	+1000,	
521.742,	+1000,	+1000,	67.55,	26.09,	402.501,	372.186,	50.313,	806.262,	+1000,	98.212,	10.953,	
229.969,	+1000,	+1000,	23.696,	160.067,	103.486,	423.485,	29.467,	506.751,	+1000,	67.491,	411.229,	
273.811,	306.257,	+1000,	30.348,	7.853,	8.344,	75.196,	259.227,	905.458,	+1000,	70.474,	212.201,	
125.613,	+1000,	+1000,	29.98,	2.701,	4.329,	+1000,	68.828,	111.565,	+1000,	176.189,	111.614,	
3.154,	910.619,	+1000,	7.925,	48.296,	204.774,	298.517,	79.087,	3.93,	+1000,	74.058,	7.716,	
130.484,	707.603,	+1000,	38.999,	43.996,	503.961,	+1000,	35.313,	310.711,	+1000,	251.267,	6.446,	
109.928,	114.32,	+1000,	19.003,	43.542,	300.594,	829.703,	53.16,	304.749,	+1000,	59.443,	205.151,	
159.242,	218.039,	100.942,	22.137,	6.468,	203.564,	396.159,	163.717,	105.974,	+1000,	69.72,	409.759,	
+1000,	+1000,	400.576,	55.861,	13.301,	105.892,	225.094,	75.793,	507.932,	+1000,	70.41,	109.522,	
82.751,	147.216,	+1000,	25.159,	5.498,	402.523,	+1000,	56.552,	409.545,	+1000,	94.068,	609.831,	
136.958,	+1000,	+1000,	40.106,	23.764,	100.635,	360.34,	98.584,	310.102,	+1000,	58.802,	9.986,	
278.287,	226.254,	+1000,	23.927,	4.937,	601.232,	181.429,	71.183,	406.184,	+1000,	64.237,	9.837,	
89.856,	+1000,	+1000,	22.247,	23.309,	4.337,	+1000,	54.584,	+1000,	+1000,	71.542,	15.264,	
133.131,	+1000,	+1000,	12.035,	25.212,	+1000,	167.907,	137.77,	103.815,	+1000,	75.312,	913.339,	
180.59,	317.4,	+1000,	33.583,	18.234,	600.618,	623.548,	97.579,	306.465,	+1000,	62.387,	+1000,	
204.724,	306.956,	+1000,	64.669,	9.433,	+1000,	653.513,	34.895,	105.67,	+1000,	98.532,	311.132,	
89.414,	+1000,	+1000,	24.983,	122.968,	202.294,	+1000,	56.206,	404.134,	+1000,	75.633,	10.411,	
101.121,	225.02,	+1000,	4.427,	5.232,	5.094,	862.888,	59.046,	8.53,	+1000,	92.03,	108.437,	
115.886,	+1000,	+1000,	88.594,	6.164,	3.517,	+1000,	16.923,	4.821,	+1000,	188.357,	111.164,	
