0.5	1	1.5	2	
0.999999	0.99999	0.9999	
100000	
0.5,	0.5,	0.5,	1,	1,	1,	1.5,	1.5,	1.5,	2,	2,	2,	
0.999999,	0.99999,	0.9999,	0.999999,	0.99999,	0.9999,	0.999999,	0.99999,	0.9999,	0.999999,	0.99999,	0.9999,	
100000,	100000,	100000,	100000,	100000,	100000,	100000,	100000,	100000,	100000,	100000,	100000,	
1.832,	17.28,	302.301,	38.093,	8.73,	0.586,	99.983,	20.788,	111.421,	+1000,	29.778,	107.548,	
84.891,	18.874,	+1000,	25.453,	2.05,	101.83,	172.677,	10.356,	4.812,	663.59,	62.443,	3.173,	
24.396,	7.624,	401.509,	3.281,	11.571,	201.691,	173.413,	10.67,	2.582,	104.365,	30.276,	10.638,	
2.376,	115.65,	303.207,	3.775,	8.176,	100.879,	30.985,	27.414,	6.408,	+1000,	46.056,	7.165,	
2.884,	21.457,	204.387,	2.533,	10.181,	2.062,	2.333,	33.024,	2.271,	236.315,	62.331,	8.225,	
7.43,	114.27,	105.01,	6.846,	3.769,	0.678,	36.396,	32.622,	103.709,	89.806,	48.109,	9.186,	
46.235,	21.158,	802.924,	12.183,	25.64,	0.932,	9.093,	32.976,	7.043,	313.927,	48.721,	7.834,	
9.226,	4.073,	201.938,	2.012,	3.546,	3.46,	34.341,	30.495,	4.168,	+1000,	39.06,	5.897,	
2.033,	9.676,	101.533,	7.3,	0.516,	10.534,	73.747,	10.254,	7.118,	138.71,	24.554,	8.066,	
0.606,	3.795,	302.025,	1.314,	4.315,	1.032,	3.183,	1.354,	3.311,	+1000,	68.957,	10.718,	
21.115,	2.247,	+1000,	14.277,	6.444,	103.743,	4.372,	15.738,	5.341,	+1000,	51.309,	9.481,	
10.927,	5.925,	903.548,	1.162,	21.676,	101.154,	5.799,	5.419,	11.835,	984.24,	32.972,	5.414,	
0.409,	117.84,	501.354,	2.078,	2.608,	3.877,	17.512,	28.159,	2.621,	699.091,	43.557,	6.392,	
13.933,	3.114,	702.632,	3.262,	8.969,	2.577,	24.849,	11.994,	7.482,	+1000,	30.768,	5.081,	
18.575,	21.55,	400.762,	7.709,	1.582,	2.119,	1.705,	17.278,	3.572,	982.732,	75.044,	6.813,	
13.498,	304.265,	301.467,	9.342,	7.827,	1.398,	57.371,	17.483,	2.589,	476.425,	28.788,	4.003,	
31.039,	15.185,	305.539,	1.258,	2.269,	300.524,	0.3,	7.008,	105.185,	198.873,	42.953,	7.609,	
8.431,	5.933,	+1000,	17.858,	14.029,	6.581,	43.48,	26.958,	4.259,	465.686,	36.04,	6.87,	
20.484,	1.456,	601.622,	1.164,	5.484,	4.106,	3.465,	22.641,	7.78,	636.878,	31.247,	308.018,	
4.215,	149.171,	800.863,	2.992,	10.965,	100.577,	42.151,	13.637,	10.111,	509.242,	55.991,	6.424,	
10.416,	11.003,	608.479,	8.821,	1.42,	4.382,	108.387,	3.579,	9.641,	488.983,	36.849,	7.114,	
1.574,	14.125,	501.905,	6.205,	1.791,	0.787,	28.799,	22.063,	5.991,	+1000,	39.152,	10.805,	
2.854,	108.216,	706.611,	6.606,	9.644,	102.393,	91.152,	28.036,	10.307,	264.052,	46.183,	10.468,	
82.459,	7.524,	300.979,	3.783,	2.094,	103.155,	33.602,	6.093,	7.38,	323.683,	45.187,	102.913,	
3.498,	25.687,	503.592,	3.495,	3.649,	102.049,	25.699,	21.756,	7.106,	+1000,	41.382,	7.583,	
42.601,	0.34,	102.565,	7.515,	1.798,	1.209,	6.949,	25.957,	4.238,	891.665,	22.195,	5.31,	
0.462,	65.93,	400.255,	1.453,	2.022,	6.345,	25.412,	9.216,	6.536,	+1000,	23.819,	6.39,	
6.256,	4.347,	603.836,	3.862,	6.122,	4.051,	18.823,	9.773,	10.855,	107.29,	67.484,	8.701,	
4.321,	11.714,	2.038,	2.029,	0.539,	203.789,	64.135,	3.999,	1.602,	473.558,	31.993,	108.79,	
54.873,	9.36,	+1000,	7.464,	3.146,	1.415,	30.089,	26.358,	4.357,	503.514,	42.575,	11.403,	
