0.5	1	1.5	2	
0.999999	0.99999	0.9999	
100000	
0.5,	0.5,	0.5,	1,	1,	1,	1.5,	1.5,	1.5,	2,	2,	2,	
0.999999,	0.99999,	0.9999,	0.999999,	0.99999,	0.9999,	0.999999,	0.99999,	0.9999,	0.999999,	0.99999,	0.9999,	
100000,	100000,	100000,	100000,	100000,	100000,	100000,	100000,	100000,	100000,	100000,	100000,	
104.786,	305.198,	504.509,	86.588,	32.646,	704.118,	582.52,	19.515,	6.868,	+1000,	83.832,	112.282,	
69.452,	4.331,	+1000,	0.83,	5.404,	702.732,	483.829,	60.435,	+1000,	+1000,	168.238,	808.283,	
114.948,	+1000,	+1000,	9.71,	6.474,	306.064,	73.416,	39.5,	+1000,	+1000,	86.671,	10.85,	
346.947,	524.73,	+1000,	2.749,	124.702,	3.306,	+1000,	29.184,	707.021,	+1000,	190.386,	11.787,	
116.957,	10.748,	+1000,	66.425,	29.186,	303.144,	+1000,	61.598,	206.025,	+1000,	82.799,	305.414,	
167.012,	33.901,	+1000,	17.164,	12.19,	508.093,	+1000,	170.149,	7.551,	+1000,	190.073,	+1000,	
15.443,	506.677,	+1000,	14.804,	63.116,	+1000,	+1000,	135.33,	709.67,	+1000,	177.392,	211.214,	
570.912,	906.54,	+1000,	3.311,	30.804,	203.231,	+1000,	63.737,	906.626,	+1000,	91.796,	511.559,	
636.883,	2.582,	+1000,	24.652,	16.721,	405.731,	+1000,	30.544,	206.481,	+1000,	262.969,	409.21,	
30.218,	208.536,	403.627,	13.42,	24.427,	308.42,	266.354,	32.85,	116.899,	+1000,	176.541,	606.26,	
3.636,	542.243,	+1000,	48.678,	9.37,	109.644,	+1000,	67.389,	5.367,	+1000,	62.894,	512.12,	
105.544,	107.446,	+1000,	51.676,	133.505,	9.8,	+1000,	28.436,	407.411,	+1000,	160.469,	12.989,	
350.934,	143.577,	+1000,	39.235,	32.359,	610.334,	74.932,	56.352,	206.165,	+1000,	94.069,	310.549,	
28.747,	+1000,	303.734,	26.717,	51.756,	204.732,	+1000,	40.06,	108.073,	+1000,	375.384,	711.049,	
119.265,	141.016,	+1000,	53.994,	42.162,	+1000,	198.201,	46.885,	5.365,	+1000,	187.32,	106.482,	
11.423,	337.473,	+1000,	196.511,	126.817,	+1000,	138.175,	24.095,	304.874,	+1000,	63.938,	14.391,	
232.377,	105.126,	+1000,	37.199,	76.396,	110.498,	+1000,	54.043,	908.739,	+1000,	95.276,	6.816,	
233.999,	715.45,	+1000,	30.718,	7.364,	106.066,	+1000,	36.527,	304.747,	+1000,	52.34,	113.044,	
25.168,	9.112,	+1000,	175.023,	32.32,	3.636,	450.605,	44.212,	415.257,	+1000,	293.27,	+1000,	
20.329,	302.839,	+1000,	58.728,	37.911,	8.56,	677.637,	49.027,	211.34,	+1000,	64.178,	313.331,	
37.777,	523.216,	1.58,	9.578,	51.398,	501.648,	+1000,	81.792,	+1000,	+1000,	185.747,	+1000,	
44.444,	102.366,	+1000,	96.104,	151.778,	203.568,	415.54,	57.307,	207.442,	+1000,	85.345,	+1000,	
332.038,	202.043,	+1000,	145.301,	25.661,	601.183,	+1000,	52.858,	508.286,	+1000,	82.988,	109.419,	
286.159,	105.646,	501.458,	0.702,	11.158,	2.627,	799.746,	53.551,	106.095,	+1000,	91.203,	13.572,	
25.827,	113.162,	+1000,	18.136,	0.997,	4.186,	+1000,	19.265,	406.151,	+1000,	284.564,	706.695,	
6.973,	513.345,	601.181,	15.919,	36.399,	+1000,	+1000,	26.631,	405.167,	+1000,	272.535,	515.127,	
25.688,	401.375,	+1000,	25.109,	10.8,	103.773,	+1000,	71.764,	9.661,	+1000,	146.036,	417.412,	
284.001,	507.666,	901.586,	9.402,	29.605,	4.139,	47.025,	80.749,	308.716,	+1000,	46.933,	9.524,	
1.897,	537.239,	+1000,	59.456,	11.091,	508.769,	481.433,	141.545,	610.978,	+1000,	194.343,	905.492,	
475.091,	+1000,	+1000,	103.039,	14.029,	600.755,	590.843,	80.887,	605.278,	+1000,	43.38,	108.8,	
