0.5	1	1.5	2	
0.999999	0.99999	0.9999	
100000	
0.5,	0.5,	0.5,	1,	1,	1,	1.5,	1.5,	1.5,	2,	2,	2,	
0.999999,	0.99999,	0.9999,	0.999999,	0.99999,	0.9999,	0.999999,	0.99999,	0.9999,	0.999999,	0.99999,	0.9999,	
100000,	100000,	100000,	100000,	100000,	100000,	100000,	100000,	100000,	100000,	100000,	100000,	
65.038,	22.981,	1.714,	1.047,	5.799,	1.917,	93.148,	21.573,	104.718,	+1000,	34.877,	8.45,	
6.285,	106.012,	+1000,	9.078,	1.603,	100.666,	154.231,	7.863,	108.471,	+1000,	51.943,	8.494,	
1.556,	7.201,	200.098,	2.068,	0.295,	3.666,	54.389,	18.968,	2.974,	+1000,	52.928,	9.598,	
22.168,	710.54,	100.952,	14.239,	11.364,	105.539,	32.32,	23.903,	3.597,	415.49,	42.17,	107.492,	
155.603,	333.756,	+1000,	3.731,	1.914,	0.95,	2.628,	35.911,	0.968,	564.127,	45.98,	204.244,	
25.507,	7.157,	+1000,	11.443,	4.194,	201.67,	69.006,	23.654,	16.566,	83.133,	24.087,	3.706,	
6.537,	2.777,	300.377,	4.709,	8.616,	403.933,	52.173,	18.79,	205.392,	+1000,	55.503,	11.533,	
0.764,	21.594,	101.273,	3.634,	5.073,	1.455,	54.146,	11.028,	104.791,	+1000,	50.371,	17.266,	
5.035,	+1000,	103.655,	1.992,	1.852,	2.798,	60.19,	27.183,	208.745,	+1000,	35.836,	9.935,	
54.002,	0.752,	+1000,	8.239,	2.645,	3.133,	164.276,	31.476,	10.503,	210.663,	64.103,	14.877,	
95.15,	7.139,	+1000,	2.015,	15.658,	1.72,	95.912,	35.847,	1.406,	502.38,	51.585,	204.394,	
212.698,	520.037,	3.943,	5.658,	13.425,	204.858,	73.384,	3.575,	112.213,	+1000,	6.814,	13.063,	
7.22,	1.077,	1.077,	3.181,	3.748,	4.272,	37.844,	23.393,	107.087,	462.336,	21.781,	4.692,	
15.313,	230.964,	106.468,	23.869,	7.845,	2.558,	36.159,	29.058,	8.675,	690.832,	29.109,	8.164,	
12.191,	5.786,	202.736,	3.159,	7.418,	2.082,	190.758,	35.136,	205.177,	66.268,	44.473,	10.899,	
0.973,	3.404,	3.385,	15.379,	2.79,	103.341,	35.891,	33.427,	7.709,	983.683,	56.309,	14.662,	
3.812,	21.593,	803.947,	13.029,	11.098,	0.649,	19.69,	14.084,	6.888,	682.776,	38.849,	3.568,	
127.18,	8.764,	3.3,	0.784,	6.266,	2.465,	213.336,	24.549,	2.589,	169.083,	47.979,	10.453,	
0.913,	102.386,	509.887,	4.877,	2.152,	102.644,	23.726,	28.471,	5.073,	165.006,	52.518,	105.055,	
4.76,	206.827,	4.855,	15.407,	2.206,	102.716,	39.461,	15.418,	204.552,	61.324,	65.757,	10.69,	
2.163,	604.508,	5.461,	5.054,	0.88,	1.179,	38.397,	19.101,	5.721,	255.471,	32.88,	10.145,	
1.248,	14.364,	1.284,	4.14,	12.41,	0.723,	54.216,	12.701,	8.102,	357.427,	37.404,	7.462,	
5.054,	10.396,	904.124,	1.722,	2.045,	1.693,	52.42,	43.021,	3.903,	841.567,	57.564,	8.798,	
19.51,	9.429,	101.113,	2.362,	9.341,	208.886,	47.708,	16.94,	108.341,	590.215,	42.925,	104.817,	
1.515,	7.304,	503.81,	4.005,	4.514,	207.701,	89.788,	24.66,	1.29,	93.298,	52.272,	10.654,	
4.772,	6.037,	+1000,	12.241,	10.651,	5.24,	19.506,	29.244,	4.258,	+1000,	56.583,	6.685,	
27.176,	2.252,	900.572,	29.087,	12.054,	3.766,	68.54,	22.352,	9.347,	282.685,	45.387,	4.662,	
1.39,	3.465,	103.173,	2.937,	2.942,	203.546,	17.959,	12.266,	13.179,	160.822,	27.513,	108.706,	
25.879,	1.137,	4.575,	1.821,	3.256,	7.392,	67.851,	3.181,	105.813,	647.347,	44.651,	104.863,	
23.228,	15.023,	200.207,	11.247,	0.225,	8.499,	16.491,	25.153,	10.802,	381.316,	32.517,	114.1,	
