0.5	1	1.5	2	
0.999999	0.99999	0.9999	
100000	
0.5,	0.5,	0.5,	1,	1,	1,	1.5,	1.5,	1.5,	2,	2,	2,	
0.999999,	0.99999,	0.9999,	0.999999,	0.99999,	0.9999,	0.999999,	0.99999,	0.9999,	0.999999,	0.99999,	0.9999,	
100000,	100000,	100000,	100000,	100000,	100000,	100000,	100000,	100000,	100000,	100000,	100000,	
576.084,	+1000,	+1000,	14.983,	105.622,	5.524,	+1000,	35.477,	108.7,	+1000,	553.776,	213.77,	
560.589,	521.596,	204.277,	143.429,	121.769,	801.79,	292.022,	49.141,	312.941,	+1000,	265.809,	312.207,	
76.231,	913.727,	+1000,	193.492,	4.577,	+1000,	+1000,	347.539,	+1000,	+1000,	291.523,	+1000,	
186.081,	+1000,	+1000,	43.227,	131.235,	502.219,	225.353,	84.837,	+1000,	+1000,	71.868,	5.536,	
19.264,	+1000,	+1000,	47.327,	21.132,	+1000,	+1000,	40.192,	5.204,	+1000,	146.914,	615.374,	
511.706,	+1000,	+1000,	371.636,	5.237,	106.585,	153.823,	28.564,	603.327,	+1000,	276.953,	8.234,	
35.372,	+1000,	+1000,	2.658,	213.934,	405.974,	+1000,	61.937,	406.097,	+1000,	187.793,	609.262,	
10.576,	207.48,	+1000,	20.308,	139.167,	+1000,	494.414,	151.135,	815.286,	+1000,	267.979,	916.481,	
824.065,	320.754,	+1000,	42.163,	35.097,	+1000,	160.125,	60.314,	+1000,	+1000,	182.802,	+1000,	
89.616,	9.481,	+1000,	30.052,	20.286,	202.817,	295.029,	6.814,	309.071,	+1000,	165.008,	208.645,	
+1000,	522.642,	+1000,	52.48,	217.783,	503.601,	127.876,	61.105,	506.131,	+1000,	77.819,	+1000,	
234.397,	100.214,	+1000,	32.861,	64.442,	312.687,	+1000,	535.328,	+1000,	+1000,	482.708,	+1000,	
122.579,	601.869,	+1000,	33.117,	128.657,	0.873,	747.982,	56.083,	504.486,	+1000,	60.198,	707.544,	
1.657,	737.598,	+1000,	54.254,	313.867,	800.364,	580.984,	146.478,	904.996,	+1000,	162.143,	209.567,	
469.971,	13.981,	+1000,	57.032,	184.332,	303.504,	538.452,	80.244,	+1000,	+1000,	590.876,	109.962,	
672.264,	+1000,	+1000,	40.069,	143.585,	101.5,	+1000,	65.465,	+1000,	+1000,	289.083,	706.519,	
99.657,	124.643,	+1000,	6.713,	408.299,	+1000,	480.799,	328.676,	+1000,	+1000,	374.847,	10.605,	
301.773,	308.019,	+1000,	40.051,	30.616,	705.907,	115.564,	255.707,	706.387,	+1000,	81.177,	+1000,	
64.626,	418.92,	+1000,	102.518,	107.669,	+1000,	499.007,	54.511,	605.405,	+1000,	187.932,	13.625,	
877.785,	+1000,	+1000,	54.683,	9.524,	103.182,	+1000,	92.886,	+1000,	+1000,	390.749,	108.152,	
416.491,	+1000,	+1000,	212.08,	7.146,	904.816,	95.566,	12.192,	611.138,	+1000,	370.331,	+1000,	
403.867,	+1000,	206.007,	4.01,	109.325,	+1000,	242.496,	355.977,	+1000,	+1000,	459.866,	+1000,	
39.319,	21.449,	+1000,	6.658,	16.867,	106.046,	865.432,	185.163,	108.098,	+1000,	91.798,	706.795,	
19.531,	18.292,	201.281,	53.363,	77.227,	+1000,	+1000,	44.886,	412.547,	+1000,	191.062,	+1000,	
504.312,	800.464,	+1000,	9.962,	81.479,	802.468,	+1000,	41.091,	706.116,	+1000,	172.357,	+1000,	
814.398,	+1000,	+1000,	36.101,	62.716,	403.565,	+1000,	157.046,	606.912,	+1000,	282.582,	416.118,	
17.747,	+1000,	+1000,	26.616,	256.18,	703.143,	67.393,	142.457,	+1000,	+1000,	75.988,	513.249,	
319.189,	+1000,	+1000,	130.592,	254.252,	+1000,	948.743,	54.509,	+1000,	+1000,	80.958,	+1000,	
392.827,	600.157,	+1000,	33.289,	215.577,	+1000,	749.604,	121.817,	905.203,	+1000,	68.89,	+1000,	
21.213,	+1000,	+1000,	31.896,	130.502,	+1000,	290.08,	68.224,	311.043,	+1000,	389.609,	+1000,	
