0.5	1	1.5	2	
0.999999	0.99999	0.9999	
100000	
0.5,	0.5,	0.5,	1,	1,	1,	1.5,	1.5,	1.5,	2,	2,	2,	
0.999999,	0.99999,	0.9999,	0.999999,	0.99999,	0.9999,	0.999999,	0.99999,	0.9999,	0.999999,	0.99999,	0.9999,	
100000,	100000,	100000,	100000,	100000,	100000,	100000,	100000,	100000,	100000,	100000,	100000,	
8.252,	21.184,	702.734,	1.569,	7.603,	3.71,	125.146,	22.779,	4.582,	795.963,	69.173,	9.578,	
113.382,	18.094,	203.45,	2.163,	6.707,	6.394,	80.303,	39.784,	5.862,	719.95,	66.378,	9.788,	
104.746,	210.549,	501.941,	11.134,	4.734,	5.633,	34.491,	12.824,	106.256,	902.779,	52.379,	7.742,	
22.403,	10.581,	+1000,	2.001,	10.177,	102.616,	88.952,	26.302,	6.688,	80.726,	44.512,	8.485,	
2.512,	8.015,	502.763,	18.646,	3.166,	5.419,	291.651,	19.432,	4.313,	144.546,	52.552,	106.713,	
1.291,	14.057,	+1000,	0.897,	5.488,	100.286,	60.887,	35.973,	7.206,	259.158,	65.777,	7.689,	
6.937,	125.897,	806.346,	7.195,	17.436,	102.626,	61.138,	10.444,	7.758,	11.672,	50.439,	108.671,	
11.146,	6.963,	+1000,	1.702,	9.513,	2.039,	173.39,	36.214,	4.42,	327.675,	37.725,	8.867,	
41.812,	809.509,	+1000,	0.446,	9.661,	103.984,	20.041,	35.745,	1.91,	217.814,	54.375,	113.876,	
12.21,	25.555,	2.282,	3.347,	1.691,	7.93,	77.9,	33.504,	6.983,	+1000,	46.841,	6.68,	
23.481,	202.231,	+1000,	3.75,	9.367,	1.803,	82.127,	25.293,	8.278,	669.683,	49.906,	306.61,	
41.533,	17.966,	306.89,	1.277,	3.57,	1.367,	23.44,	16.509,	104.765,	+1000,	57.731,	8.899,	
21.54,	711.441,	+1000,	5.715,	4.017,	103.828,	108.543,	15.056,	4.756,	77.02,	152.901,	110.236,	
33.21,	512.269,	+1000,	2.498,	6.224,	0.963,	14.291,	42.479,	8.097,	+1000,	63.36,	108.644,	
15.546,	115.805,	+1000,	5.238,	9.766,	204.185,	127.497,	21.788,	8.532,	+1000,	63.364,	1.613,	
67.905,	5.402,	+1000,	2.611,	10.256,	201.796,	188.274,	22.827,	6.566,	42.663,	67.544,	105.651,	
175.951,	17.191,	900.159,	5.576,	6.338,	8.397,	43.247,	5.097,	207.088,	+1000,	39.122,	307.798,	
23.882,	405.699,	704.071,	18.627,	2.422,	104.23,	56.515,	21.473,	5.835,	+1000,	65.416,	6.252,	
6.775,	125.986,	500.333,	8.173,	4.271,	4.754,	49.16,	12.168,	106,	298.03,	33.283,	8.393,	
55.416,	1.393,	600.379,	5.162,	5.092,	9.373,	408.712,	38.937,	4.139,	970.722,	55.148,	112.681,	
79.428,	125.352,	201.36,	6.489,	11.818,	5.779,	44.637,	40.57,	4.533,	412.318,	22.341,	9.11,	
5.53,	6.87,	+1000,	4.884,	0.573,	1.88,	179.182,	20.709,	103.508,	+1000,	66.527,	107.396,	
16.75,	2.355,	+1000,	17.641,	4.179,	5.396,	113.601,	26.935,	13.711,	+1000,	27.181,	11.486,	
43.661,	109.76,	+1000,	9.325,	9.693,	101.896,	1.263,	30.998,	13.492,	703.116,	52.147,	105.872,	
80.731,	237.248,	+1000,	30.765,	6.797,	200.524,	86.568,	29.873,	210.311,	239.263,	50.819,	9.593,	
2.308,	10.597,	+1000,	7.261,	4.387,	1.502,	38.672,	27.599,	7.732,	+1000,	27.562,	6.328,	
7.88,	12.581,	109.72,	18.159,	4.039,	1.202,	60.692,	24.46,	110.38,	+1000,	62.938,	10.932,	
2.409,	18.629,	+1000,	2.515,	10.473,	2.965,	56.431,	13.774,	5.7,	+1000,	29.936,	9.098,	
2.764,	315.938,	5.404,	21.76,	11.622,	2.16,	146.567,	19.731,	10.301,	+1000,	40.725,	110.028,	
3.44,	122.245,	300.712,	5.446,	8.457,	104.179,	59.432,	28.741,	7.826,	329.898,	69.171,	10.355,	
