0.5	1	1.5	2	
0.999999	0.99999	0.9999	
100000	
0.5,	0.5,	0.5,	1,	1,	1,	1.5,	1.5,	1.5,	2,	2,	2,	
0.999999,	0.99999,	0.9999,	0.999999,	0.99999,	0.9999,	0.999999,	0.99999,	0.9999,	0.999999,	0.99999,	0.9999,	
100000,	100000,	100000,	100000,	100000,	100000,	100000,	100000,	100000,	100000,	100000,	100000,	
303.198,	16.072,	100.812,	4.509,	3.894,	6.019,	26.787,	2.123,	8.042,	217.342,	33.016,	5.52,	
0.808,	8.61,	+1000,	1.858,	3.23,	0.837,	6.163,	0.653,	9.159,	176.371,	42.116,	4.654,	
13.977,	4.763,	+1000,	1.255,	3.86,	1.694,	25.154,	12.106,	0.767,	160.56,	32.892,	11.192,	
100.545,	+1000,	702.346,	3.336,	4.493,	5.266,	15.947,	18.203,	0.867,	742.237,	24.486,	4.346,	
71.154,	+1000,	+1000,	1.136,	0.775,	0.931,	8.162,	3.64,	10.308,	383.419,	41.724,	10.006,	
9.574,	0.221,	202.556,	6.81,	5.656,	0.377,	9.452,	3.888,	4.99,	954.681,	28.892,	15.309,	
17.558,	5.285,	3.256,	1.23,	3.913,	2.235,	1.758,	7.264,	4.266,	520.027,	30.592,	107.396,	
313.425,	0.423,	300.719,	0.666,	2.107,	5.526,	17.555,	4.487,	101.076,	353.612,	30.292,	7.207,	
242.83,	3.347,	100.39,	3.834,	1.569,	1.542,	2.579,	10.169,	5.608,	207.875,	9.618,	3.815,	
113.28,	7.845,	10.261,	3.037,	2.134,	6.645,	24.62,	4.964,	8.371,	76.477,	35.082,	5.778,	
3.047,	1.61,	500.505,	1.251,	0.364,	1.404,	4.675,	1.589,	6.087,	174.825,	34.931,	109.257,	
0.904,	0.393,	403.585,	1.547,	6.237,	101.249,	14.569,	2.378,	4.196,	526.425,	34.586,	7.872,	
100.357,	0.332,	+1000,	1.455,	1.919,	400.742,	30.897,	9.56,	9.651,	257.882,	44.6,	4.029,	
0.765,	156.144,	301.056,	3.334,	1.877,	2.62,	10.109,	19.216,	6.074,	228.299,	24.845,	4.585,	
3.712,	+1000,	300.673,	5.173,	1.819,	1.592,	66.601,	3.741,	2.404,	170.582,	29.392,	4.328,	
8.399,	0.648,	0.241,	3.533,	1.866,	4.215,	2.081,	4.904,	0.675,	250.9,	25.039,	104.552,	
14.069,	2.414,	100.221,	3.821,	2.968,	106.313,	4.623,	12.516,	3.626,	207.424,	38.319,	7.211,	
5.039,	0.938,	1.298,	1.404,	0.595,	2.131,	30.722,	24.651,	2.32,	224.289,	13.387,	6.693,	
1.616,	6.024,	402.001,	2.561,	2.034,	100.7,	11.334,	7.787,	1.783,	173.955,	50.974,	108.248,	
0.15,	+1000,	500.285,	2.506,	7.221,	2.94,	11.645,	3.011,	201.448,	257.974,	36.495,	203.282,	
42.596,	3.842,	202.689,	3.472,	4.863,	2.288,	4.292,	3.257,	7.369,	320.194,	25.882,	5.618,	
24.463,	+1000,	+1000,	1.011,	5.901,	2.898,	38.393,	5.834,	102.21,	11.048,	21.64,	9.489,	
5.526,	20.82,	702.273,	1.107,	2.252,	1.267,	3.658,	6.242,	2.015,	238.554,	36.829,	5.815,	
11.145,	6.997,	1.695,	3.632,	2.758,	201.513,	17.083,	13.968,	105.188,	21.619,	17.814,	3.586,	
6.294,	1.207,	802.122,	3.036,	1.314,	1.547,	13.093,	7.063,	0.713,	592.95,	35.65,	5.287,	
6.651,	0.344,	206.404,	4.532,	1.495,	0.373,	15.914,	3.757,	5.159,	79.917,	38.835,	4.02,	
1.121,	117.083,	6.748,	6.679,	7.554,	3.486,	7.636,	12.332,	7.383,	375.283,	45.27,	104.827,	
0.81,	613.49,	100.442,	2.105,	5.684,	0.872,	34.235,	25.147,	3.956,	178.662,	35.231,	3.953,	
294.925,	17.58,	3.28,	3.27,	1.2,	3.831,	0.736,	14.286,	6.528,	181.6,	55.021,	7.062,	
4.268,	2.501,	0.339,	3.499,	1.015,	1.775,	4.582,	7.15,	4.646,	205.799,	28.365,	4.296,	
