0.5	1	1.5	2	
0.999999	0.99999	0.9999	
100000	
0.5,	0.5,	0.5,	1,	1,	1,	1.5,	1.5,	1.5,	2,	2,	2,	
0.999999,	0.99999,	0.9999,	0.999999,	0.99999,	0.9999,	0.999999,	0.99999,	0.9999,	0.999999,	0.99999,	0.9999,	
100000,	100000,	100000,	100000,	100000,	100000,	100000,	100000,	100000,	100000,	100000,	100000,	
3.113,	13.22,	200.536,	1.311,	2.949,	100.132,	13.062,	21.717,	3.358,	969.678,	44.341,	5.158,	
12.597,	6.565,	200.19,	5.764,	3.482,	3.331,	19.287,	26.435,	4.303,	347.523,	39.845,	8.571,	
0.308,	5.507,	6.288,	1.691,	17.675,	4.232,	14.09,	14.806,	2.97,	+1000,	43.352,	6.205,	
15.395,	2.283,	+1000,	19.033,	4.376,	0.998,	74.828,	28.509,	4.547,	338.639,	55.418,	9.056,	
4.988,	7.084,	3.152,	1.731,	4.906,	5.783,	127.727,	22.05,	17.037,	490.574,	39.068,	6.469,	
2.903,	9.856,	201.664,	6.016,	6.58,	2.882,	33.325,	13.837,	5.271,	+1000,	47.022,	5.255,	
2.809,	7.396,	500.713,	5.346,	3.64,	1.872,	35.881,	8.91,	2.413,	495.68,	52.55,	17.271,	
19.23,	1.85,	106.101,	3.95,	2.327,	0.875,	14.565,	22.646,	5.408,	431.637,	44.513,	111.589,	
10.818,	102.86,	1.47,	0.659,	5.785,	2.129,	8.631,	25.988,	103.421,	814.843,	42.441,	5.658,	
1.99,	31.828,	500.794,	2.12,	1.286,	6.439,	6.456,	16.404,	5.694,	+1000,	27.59,	3.506,	
1.016,	4.579,	+1000,	1.627,	4.195,	2.751,	29.63,	30.817,	3.946,	66.932,	9.724,	7.733,	
3.949,	2.122,	600.526,	0.843,	2.224,	2.811,	52.334,	26.045,	1.169,	+1000,	28.529,	11.23,	
4.23,	15.686,	301.466,	8.032,	3.201,	110.035,	38.549,	34.638,	7.948,	24.664,	41.39,	6.216,	
8.458,	13.059,	304.451,	8.069,	4.786,	102.865,	35.301,	14.577,	10.911,	177.757,	36.614,	7.172,	
7.659,	1.81,	+1000,	5.853,	3.632,	0.826,	58.326,	11.967,	1.244,	298.772,	43.233,	11.542,	
50.513,	32.213,	301.71,	5.029,	2.836,	6.19,	29.587,	8.234,	1.696,	357.328,	66.429,	5.731,	
11.059,	5.885,	2.277,	1.573,	2.621,	14.323,	75.522,	26.867,	5.268,	489.068,	34.802,	2.362,	
13.798,	7.32,	1.924,	1.521,	2.961,	1.386,	40.409,	17.164,	1.354,	645.983,	35.855,	8.724,	
14.859,	3.593,	200.652,	2.697,	3.529,	4.002,	19.104,	16.434,	3.733,	396.329,	30.316,	6.365,	
19.48,	12.985,	504.614,	4.279,	3.076,	1.04,	66.174,	8.195,	4.794,	238.652,	30.118,	13.759,	
9.8,	5.472,	102.126,	9.407,	2.535,	0.789,	32.438,	26.962,	1.024,	223.257,	36.874,	5.105,	
4.584,	11.891,	401.972,	7.374,	4.586,	2.96,	12.003,	17.639,	2.934,	186.922,	40.018,	5.153,	
11.912,	5.852,	204.344,	1.156,	4.786,	4.831,	39.153,	9.181,	2.773,	190.135,	52.121,	7.705,	
4.609,	3.681,	200.195,	3.062,	4.353,	15.86,	46.671,	27.817,	4.657,	677.1,	49.778,	8.219,	
3.106,	4.363,	104.512,	3.591,	2.795,	100.157,	35.487,	20.419,	8.402,	+1000,	31.594,	6.749,	
9.314,	3.879,	402.912,	4.31,	1.465,	6.961,	8.17,	14.227,	5.928,	797.96,	42.147,	8.474,	
1.257,	107.546,	7.157,	0.805,	4.973,	6.635,	15.334,	20.288,	6.355,	366.426,	4.814,	14.598,	
13.277,	14.436,	801.836,	4.907,	11.23,	3.161,	74.933,	16.319,	2.487,	267.106,	43.247,	8.483,	
7.969,	7.997,	603.203,	3.841,	2.631,	3.059,	25.927,	1.375,	2.688,	+1000,	48.539,	7.33,	
20.908,	1.462,	501.283,	3.485,	1.954,	5.27,	42.964,	30.311,	6.605,	717.828,	23.445,	6.072,	
