0.5	1	1.5	2	
0.999999	0.99999	0.9999	
100000	
0.5,	0.5,	0.5,	1,	1,	1,	1.5,	1.5,	1.5,	2,	2,	2,	
0.999999,	0.99999,	0.9999,	0.999999,	0.99999,	0.9999,	0.999999,	0.99999,	0.9999,	0.999999,	0.99999,	0.9999,	
100000,	100000,	100000,	100000,	100000,	100000,	100000,	100000,	100000,	100000,	100000,	100000,	
10.482,	35.134,	+1000,	10.59,	3.682,	0.48,	5.106,	2.321,	8.634,	33.898,	12.151,	2.026,	
2.635,	108.661,	0.692,	14.587,	6.623,	3.522,	1.9,	0.924,	11.822,	20.692,	16.039,	5.745,	
8.498,	319.481,	+1000,	15.458,	11.716,	100.563,	0.835,	2.183,	1.832,	11.923,	3.318,	4.52,	
8.508,	329.544,	104.165,	4.478,	1.541,	106.484,	7.423,	16.652,	4.838,	62.257,	20.337,	4.855,	
33.938,	48.567,	+1000,	0.475,	4.752,	210.124,	5.774,	2.81,	3.567,	7.19,	10.517,	4.387,	
12.845,	7.918,	401.875,	3.519,	5.642,	101.939,	2.739,	3.921,	19.764,	33.311,	13.533,	7.6,	
20.013,	15.121,	501.259,	5.041,	11.861,	5.185,	2.711,	10.998,	2.135,	9.987,	6.733,	6.309,	
5.734,	20.307,	3.741,	0.567,	2.457,	201.187,	5.28,	1.328,	2.89,	25.039,	25.013,	1.877,	
8.211,	0.361,	3.222,	14.524,	4.71,	103.501,	5.619,	3.133,	4.195,	34.308,	23.729,	3.095,	
54.473,	26.255,	800.487,	8.381,	1.758,	108.07,	1.805,	7.578,	4.669,	8.482,	8.459,	100.399,	

2.677,	377.425,	+1000,	12.77,	1.119,	202.235,	14.964,	6.73,	4.194,	6.191,	10.077,	8.523,	
39.554,	100.996,	102.39,	1.688,	4.444,	2.683,	17.048,	14.838,	0.738,	13.064,	0.473,	12.163,	
21.585,	16.233,	102.659,	2.276,	2.027,	5.888,	3.87,	9.251,	7.289,	14.872,	27.711,	13.075,	
53.553,	23.631,	2.071,	9.99,	6.62,	302.36,	4.111,	4.411,	2.566,	15.155,	5.115,	12.26,	
1.606,	10.101,	+1000,	7.17,	2.148,	200.595,	12.987,	6.329,	100.61,	26.57,	17.096,	2.858,	
1.023,	109.792,	0.97,	1.108,	10.85,	1.935,	5.017,	11.857,	4.836,	2.018,	8.645,	7.057,	
37.67,	24.726,	+1000,	3.111,	6.556,	0.473,	1.731,	5.149,	1.964,	12.058,	3.478,	7.393,	
139.899,	15.473,	601.545,	3.041,	1.585,	101.262,	0.326,	1.691,	5.579,	13.336,	12.6,	3.076,	
128.316,	0.368,	0.772,	5.31,	3.119,	0.907,	1.404,	8.936,	5.669,	54.3,	18.884,	4.025,	
6.486,	0.721,	901.958,	0.668,	1.259,	1.388,	2.88,	2.523,	7.508,	40.766,	27.624,	5.827,	

11.829,	2.616,	+1000,	2.338,	1.534,	5.241,	5.827,	9.33,	3.921,	15.085,	8.338,	3.957,	
4.97,	7.266,	504.293,	1.67,	7.071,	0.476,	1.113,	1.127,	6.086,	69.031,	21.516,	5.375,	
48.536,	3.837,	+1000,	4.005,	6.004,	1.892,	8.174,	4.186,	5.184,	8.541,	8.901,	4.279,	
0.978,	308.354,	+1000,	5.031,	2.449,	1.376,	19.861,	15.671,	2.851,	7.247,	8.407,	7.248,	
8.703,	2.48,	701.754,	2.676,	0.714,	1.15,	10.987,	3.252,	5.09,	32.72,	8.822,	7.305,	
30.246,	326.212,	200.722,	1.747,	3.783,	101.68,	0.268,	6.65,	0.722,	48.896,	8.251,	4.662,	
25.122,	5.949,	303.278,	1.856,	2.307,	1.272,	5.468,	3.476,	1.345,	36.691,	12.587,	103.195,	
68.753,	19.87,	+1000,	0.447,	4.286,	1.113,	3.845,	1.446,	6.667,	14.377,	2.936,	7.203,	
65.151,	3.161,	2.459,	0.238,	1.52,	3.944,	1.927,	4.867,	3.1,	41.736,	17.853,	11.219,	
21.49,	204.192,	600.198,	6.164,	0.84,	3.131,	8.927,	0.975,	3.899,	21.879,	4.17,	6.536,	
