0.5	1	1.5	2	
0.999999	0.99999	0.9999	
100000	
0.5,	0.5,	0.5,	1,	1,	1,	1.5,	1.5,	1.5,	2,	2,	2,	
0.999999,	0.99999,	0.9999,	0.999999,	0.99999,	0.9999,	0.999999,	0.99999,	0.9999,	0.999999,	0.99999,	0.9999,	
100000,	100000,	100000,	100000,	100000,	100000,	100000,	100000,	100000,	100000,	100000,	100000,	
4.017,	2.902,	303.958,	0.557,	0.41,	3.476,	4.304,	2.703,	2.015,	8.338,	7.193,	2.179,	
2.457,	1.829,	1.72,	3.029,	2.165,	3.809,	6.092,	7.81,	0.884,	6,	7.911,	3.988,	
2.6,	4.793,	301.396,	0.418,	1.639,	100.26,	3.745,	2.141,	0.266,	18.817,	20.118,	3.433,	
5.204,	7.57,	102.271,	2.961,	0.255,	1.141,	3.359,	1.646,	5.901,	20.366,	13.182,	2.868,	
4.12,	26.373,	2.144,	1.443,	3.517,	5.144,	1.943,	1.645,	6.935,	7.701,	2.018,	1.695,	
20.327,	21.449,	100.897,	0.252,	0.33,	1.249,	1.619,	6.398,	5.361,	21.629,	10.015,	1.874,	
3.175,	3.943,	0.333,	0.967,	1.656,	103.289,	8.077,	0.809,	2.29,	7.236,	2.183,	0.397,	
0.747,	0.879,	102.786,	3.604,	1.422,	0.897,	3.01,	2.318,	5.698,	8.081,	8.154,	3.845,	
1.303,	6.189,	104.189,	1.556,	0.852,	1.038,	10.697,	2.577,	0.571,	5.818,	16.846,	3.161,	
2.15,	1.691,	100.661,	2.3,	1.088,	3.659,	2.489,	5.761,	1.518,	10.36,	6.056,	7.033,	

0.796,	0.463,	300.232,	2.296,	1.221,	2.336,	0.54,	0.558,	1.654,	21.934,	16.484,	6.618,	
13.675,	12.019,	201.243,	2.607,	1.11,	1.218,	1.615,	0.42,	0.461,	59.368,	6.57,	2.915,	
1.604,	8.379,	6.242,	0.509,	1.585,	2.167,	3.176,	2.94,	1.159,	11.314,	10.612,	1.764,	
7.458,	3.137,	205.542,	0.952,	2.667,	2.449,	2.227,	2.692,	1.352,	17.634,	8.748,	3.669,	
18.844,	6.889,	7.116,	0.591,	2.41,	0.569,	5.298,	1.504,	0.504,	8.508,	2.859,	2.036,	
1.885,	7.467,	100.513,	3.93,	2.839,	100.466,	0.847,	1.063,	0.491,	15.729,	12.778,	3.307,	
10.472,	5.485,	502.946,	0.245,	1.635,	1.078,	0.392,	1.229,	0.408,	13.341,	2.836,	3.617,	
3.11,	18.138,	200.51,	1.746,	0.79,	2.491,	12.527,	11.609,	2.493,	3.257,	19.701,	0.773,	
8.147,	1.186,	0.24,	1.965,	0.546,	8.223,	1.427,	9.327,	4.389,	4.535,	12.547,	2.003,	
3.641,	0.72,	7.22,	3.078,	2.209,	4.298,	1.068,	4.038,	3.255,	1.879,	12.374,	0.33,	

4.476,	6.833,	+1000,	1.138,	4.285,	0.398,	0.687,	1.156,	3.12,	0.896,	2.867,	6.894,	
11.534,	0.934,	201.098,	0.733,	1.081,	4.81,	7.622,	1.557,	1.288,	4.88,	16.609,	2.253,	
5.781,	13.212,	2.212,	1.987,	1.127,	2.484,	3.212,	1.651,	1.512,	7.85,	4.757,	4.305,	
2.557,	0.763,	201.594,	2.583,	2.095,	2.496,	1.162,	3.795,	3.061,	1.678,	10.667,	4.578,	
7.872,	5.089,	0.772,	2.472,	0.813,	2.272,	1.079,	2.557,	1.412,	2.296,	12.614,	6.969,	
2.918,	0.664,	2.603,	1.311,	3.186,	0.898,	0.446,	1.344,	5.846,	19.008,	3.128,	2.034,	
2.655,	1.594,	100.495,	0.966,	0.949,	1.3,	1.788,	3.23,	2.8,	1.927,	6.147,	1.488,	
1.437,	5.418,	+1000,	2.14,	1.726,	1.977,	0.734,	3.938,	3.502,	8.332,	19.806,	3.547,	
22.383,	2.17,	1.318,	0.655,	1.172,	0.811,	6.401,	1.397,	2.991,	1.985,	4.105,	3.888,	
14.171,	15.913,	402.961,	0.959,	0.745,	3.647,	0.349,	4.061,	1.218,	7.05,	12.694,	3.467,	
