0.5	1	1.5	2	
0.999999	0.99999	0.9999	
100000	
0.5,	0.5,	0.5,	1,	1,	1,	1.5,	1.5,	1.5,	2,	2,	2,	
0.999999,	0.99999,	0.9999,	0.999999,	0.99999,	0.9999,	0.999999,	0.99999,	0.9999,	0.999999,	0.99999,	0.9999,	
100000,	100000,	100000,	100000,	100000,	100000,	100000,	100000,	100000,	100000,	100000,	100000,	
22.529,	0.933,	4.085,	1.071,	1.031,	101.351,	11.523,	3.258,	3.089,	12.818,	2.193,	4.27,	
1.672,	301.743,	101.209,	0.886,	3.168,	0.269,	0.45,	2.369,	1.177,	19.337,	9.35,	8.245,	
7.298,	4.908,	+1000,	3.058,	5.429,	0.719,	2.454,	1.002,	6.891,	33.415,	3.048,	0.366,	
40.131,	14.155,	1.194,	3.49,	2.727,	1.206,	7.13,	6.179,	4.194,	47.994,	14.755,	3.137,	
18.33,	2.618,	3.897,	2.67,	3.921,	1.394,	18.925,	3.901,	1.36,	0.63,	23.348,	6.029,	
2.787,	1.925,	202.936,	1.404,	1.163,	1.163,	4.003,	1.547,	0.579,	66.315,	14.417,	6.432,	
20.727,	122.609,	+1000,	2.092,	6.103,	1.568,	11.356,	3.598,	2.083,	34.653,	21.747,	1.97,	
0.848,	5.989,	501.98,	2.93,	4.729,	0.896,	9.155,	0.379,	1.865,	19.862,	22.998,	9.08,	
50.311,	14.281,	202.349,	1.63,	4.551,	103.658,	2.156,	0.846,	3.054,	6.76,	7.202,	1.094,	
0.21,	117.691,	100.251,	3.415,	8.501,	1.441,	0.813,	4.026,	4.662,	16.324,	11.339,	5.562,	

36.594,	202.582,	207.101,	1.855,	9.493,	1.044,	11.361,	1.984,	3.836,	11.448,	22.901,	5.584,	
14.326,	0.824,	0.768,	5.786,	8.174,	1.923,	0.452,	3.671,	3.282,	24.471,	8.304,	3.755,	
4.725,	3.69,	102.575,	8.135,	1.81,	0.929,	5.764,	0.509,	7.854,	42.49,	8.231,	4.064,	
16.517,	0.205,	608.394,	1.529,	4.511,	2.889,	2.604,	2.957,	8.767,	17.64,	3.637,	3.23,	
2.53,	3.341,	104.77,	25.64,	5.473,	307.603,	1.309,	6.681,	6.367,	27.692,	16.07,	4.268,	
1.439,	1.757,	603.449,	1.064,	3.994,	0.202,	4.973,	1.004,	0.372,	3.414,	3.144,	9.545,	
28.158,	6.906,	200.589,	3.431,	2.498,	402.242,	8.755,	1.398,	4.698,	2.527,	0.698,	7.874,	
20.662,	202.507,	905.099,	14.484,	0.799,	3.547,	0.328,	3.027,	11.005,	17.159,	8.895,	9.08,	
0.158,	0.444,	+1000,	0.19,	5.021,	1.075,	1.056,	1.577,	2.256,	29.148,	7.92,	8.161,	
2.35,	1.252,	+1000,	0.961,	5.869,	1.623,	15.358,	1.313,	3.695,	0.215,	6.897,	7.313,	

12.419,	102.765,	200.499,	8.889,	4.586,	100.556,	0.987,	5.686,	0.843,	17.039,	0.64,	1.447,	
2.955,	0.095,	5.94,	1.931,	3.66,	3.396,	2.997,	2.597,	2.258,	21.861,	2.273,	104.986,	
32.017,	12.403,	701.603,	1.547,	1.576,	5.105,	6.255,	14.89,	1.476,	6.68,	16.498,	2.765,	
15.108,	8.185,	203.278,	2.157,	0.628,	1.169,	5.036,	3.252,	0.699,	24.154,	10.771,	6.22,	
7.141,	535.205,	0.403,	5.079,	7.125,	1.288,	4.195,	4.212,	11.113,	1.148,	8.597,	5.745,	
9.739,	0.601,	102.707,	0.859,	3.237,	103.675,	5.194,	3.36,	2.389,	18.229,	8.326,	2.011,	
6.961,	106.975,	0.724,	0.901,	3.05,	4.631,	1.336,	18.682,	1.151,	21.741,	16.999,	113.586,	
7.456,	2.437,	501.706,	3.676,	0.926,	102.597,	5.895,	1.915,	8.765,	18.715,	8.293,	2.077,	
1.765,	19.658,	501.296,	4.389,	3.655,	0.957,	7.012,	1.545,	1.564,	11.713,	27.018,	6.378,	
23.172,	27.93,	4.542,	2.216,	1.24,	0.434,	1.331,	3.312,	1.467,	13.35,	14.991,	101.832,	
