0.5	1	1.5	2	
0.999999	0.99999	0.9999	
100000	
0.5,	0.5,	0.5,	1,	1,	1,	1.5,	1.5,	1.5,	2,	2,	2,	
0.999999,	0.99999,	0.9999,	0.999999,	0.99999,	0.9999,	0.999999,	0.99999,	0.9999,	0.999999,	0.99999,	0.9999,	
100000,	100000,	100000,	100000,	100000,	100000,	100000,	100000,	100000,	100000,	100000,	100000,	
44.369,	113.636,	+1000,	22.358,	15.947,	7.269,	2.646,	8.927,	3.968,	76.409,	31.275,	8.645,	
20.192,	3.297,	102.809,	7.319,	12.158,	114.575,	39.063,	17.639,	3.19,	160.609,	14.529,	403.523,	
59.579,	75.862,	+1000,	6.222,	6.078,	10.557,	37.414,	23.615,	104.362,	69.754,	27.461,	7.12,	
9.219,	29.652,	701.669,	4.589,	6.421,	300.184,	13.861,	4.894,	4.111,	85.456,	37.668,	1.805,	
4.119,	3.901,	1.9,	7.011,	5.357,	4.03,	19.358,	19.658,	4.202,	105.475,	10.46,	1.736,	
29.061,	213.502,	800.838,	10.337,	1.946,	500.649,	35.58,	18.742,	112.145,	95.854,	40.634,	105.228,	
8.392,	135.954,	+1000,	11.252,	14.836,	205.909,	23.343,	10.527,	4.711,	127.891,	24.697,	9.497,	
76.514,	24.388,	300.189,	1.857,	6.205,	101.312,	0.692,	14.012,	1.316,	104.461,	49.047,	8.898,	
14.498,	18.933,	+1000,	8.887,	0.822,	2.378,	23.882,	24.337,	2.716,	251.799,	21.725,	4.392,	
10.812,	5.804,	200.212,	5.446,	9.919,	6.968,	24.286,	9.856,	2.161,	239.367,	34.696,	9.773,	

23.696,	3.341,	400.251,	8.863,	10.306,	204.823,	2.735,	20.77,	1.79,	61.368,	16.682,	5.973,	
17.961,	157.023,	100.866,	7.303,	5.174,	104.169,	12.737,	8.293,	5.96,	238.154,	56.352,	207.607,	
159.335,	204.525,	603.661,	8.647,	5.063,	104.086,	5.502,	6.983,	10.326,	248.086,	34.094,	4.871,	
23.286,	328.582,	303.625,	7.146,	2.139,	103.807,	2.894,	13.535,	4.151,	52.498,	48.353,	206.778,	
20.974,	19.287,	108.321,	10.001,	6.564,	2.107,	34.121,	2.189,	104.996,	54.636,	53.454,	4.025,	
0.398,	8.858,	703.694,	7.493,	8.705,	104.985,	9.533,	8.153,	9.417,	169.189,	54.726,	104.489,	
34.231,	1.36,	+1000,	13.222,	8.295,	103.691,	71.702,	15.432,	9.499,	132.151,	52.33,	103.659,	
16.144,	105.228,	+1000,	2.772,	3.223,	6.557,	46.782,	8.153,	104.812,	59.259,	37.429,	12.787,	
4.712,	828.17,	+1000,	3.608,	3.112,	1.214,	17.148,	18.236,	205.005,	18.314,	0.124,	11.341,	
14.624,	112.526,	+1000,	4.504,	1.597,	3.965,	40.274,	10.688,	3.812,	6.156,	36.115,	6.779,	

15.314,	14.926,	303.77,	0.884,	16.983,	101.768,	9.733,	28.286,	105.397,	457.641,	38.505,	105.843,	
30.919,	5.373,	1.14,	3.559,	6.343,	209.622,	36.832,	4.252,	9.836,	433.932,	52.301,	105.945,	
201.91,	12.772,	+1000,	17.435,	2.467,	1.492,	15.192,	11.817,	8.038,	19.515,	23.775,	6.249,	
42.664,	24.4,	205.977,	2.582,	3.967,	3.697,	5.241,	2.073,	5.112,	19.872,	18.799,	7.116,	
34.398,	102.964,	306.936,	3.69,	4.396,	102.822,	11.879,	16.249,	15.141,	65.733,	10.764,	3.892,	
22.281,	3.203,	200.735,	12.103,	3.259,	107.131,	81.103,	14.339,	109.342,	26.494,	23.319,	109.011,	
49.768,	209.781,	101.587,	3.64,	2.92,	301.51,	18.348,	2.345,	7.382,	30.228,	22.921,	9.997,	
86.281,	109.732,	100.196,	12.19,	8.22,	0.668,	44.627,	11.396,	0.886,	19.925,	8.267,	11.599,	
3.628,	4.017,	+1000,	4.204,	7.264,	0.986,	0.548,	11.124,	9.52,	56.953,	52.152,	106.183,	
37.277,	133.463,	+1000,	5.079,	0.672,	3.74,	48.461,	5.255,	13.683,	43.325,	35.407,	108.977,	
