0.5	1	1.5	2	
0.999999	0.99999	0.9999	
100000	
0.5,	0.5,	0.5,	1,	1,	1,	1.5,	1.5,	1.5,	2,	2,	2,	
0.999999,	0.99999,	0.9999,	0.999999,	0.99999,	0.9999,	0.999999,	0.99999,	0.9999,	0.999999,	0.99999,	0.9999,	
100000,	100000,	100000,	100000,	100000,	100000,	100000,	100000,	100000,	100000,	100000,	100000,	
0.221,	1.355,	1.892,	7.705,	0.368,	2.474,	0.888,	1.204,	2.334,	1.803,	7.369,	0.661,	
1.694,	4.096,	200.383,	0.449,	2.76,	101.453,	1.544,	0.558,	0.941,	4.381,	1.045,	1.28,	
9.206,	3.005,	+1000,	2.782,	1.072,	4.627,	2.586,	1.38,	3.163,	8.311,	2.32,	3.234,	
3.708,	0.31,	+1000,	0.681,	0.351,	102.132,	3.422,	2.832,	1.72,	2.62,	9.42,	0.85,	
6.895,	+1000,	404.604,	1.994,	0.592,	0.861,	1.167,	0.773,	2.373,	11.584,	2.48,	3.242,	
926.578,	8.408,	+1000,	3.138,	1.039,	3.377,	1.28,	4.643,	1.06,	16.378,	14.173,	2.894,	
13.136,	+1000,	502.73,	1.471,	3.884,	1.038,	0.509,	2.551,	1.162,	1.006,	7.052,	3.677,	
0.368,	2.638,	504.946,	1.079,	0.336,	0.237,	5.041,	0.647,	3.789,	4.594,	1.218,	0.53,	
1.1,	1.254,	+1000,	1.773,	3.715,	3.496,	0.289,	1.197,	0.755,	27.121,	4.543,	5.271,	
0.161,	0.405,	+1000,	2.33,	2.262,	1.354,	0.389,	4.639,	2.424,	1.023,	4.804,	3.526,	

4.432,	906.255,	1.378,	1.093,	2.67,	0.903,	7.794,	1.343,	1.48,	2.689,	3.264,	2.017,	
3.761,	2.263,	106.021,	2.11,	5.144,	103.794,	1.859,	1.246,	3.938,	1.641,	7.043,	0.824,	
2.116,	7.845,	+1000,	9.879,	8.202,	100.697,	4.501,	0.547,	101.899,	8.405,	1.435,	2.358,	
0.537,	0.599,	+1000,	1.521,	3.145,	0.231,	1.377,	1.242,	3.165,	9.336,	4.8,	0.27,	
0.586,	5.08,	+1000,	2.314,	11.393,	105.857,	2.317,	0.618,	0.349,	2.212,	5.747,	4.124,	
0.713,	14.31,	1.971,	1.851,	11.218,	3.97,	3.527,	2.076,	2.947,	0.545,	4.83,	2.702,	
5.837,	8.064,	1.761,	5.694,	0.648,	1.917,	0.903,	3.741,	2.357,	9.497,	1.095,	3.231,	
8.377,	13.783,	0.183,	0.996,	3.982,	5.641,	4.21,	2.776,	0.179,	4.302,	1.779,	7.655,	
18.173,	5.893,	901.661,	1.176,	0.88,	100.878,	1.107,	0.947,	2.815,	20.504,	2.331,	1.081,	
7.194,	+1000,	1.949,	1.089,	0.395,	7.388,	2.915,	1.04,	1.191,	12.065,	10.903,	1.666,	

148.467,	4.088,	303.904,	0.863,	1.167,	301.529,	4.213,	0.976,	1.024,	5.489,	7.228,	6.282,	
+1000,	11.655,	+1000,	1.731,	0.143,	2.573,	3.986,	4.745,	4.738,	4.458,	3.453,	0.688,	
4.662,	4.696,	400.909,	1.785,	0.348,	7.822,	2.896,	4.047,	0.444,	19.943,	7.307,	1.728,	
0.825,	4.743,	8.506,	2.646,	0.535,	4.744,	0.609,	3.181,	1.342,	2.627,	8.333,	0.224,	
1.846,	14.373,	+1000,	0.586,	2.067,	2.719,	4.912,	2.173,	3.366,	0.886,	1.527,	3.944,	
37.454,	5.146,	101.568,	8.446,	2.18,	0.266,	0.776,	0.524,	1.671,	0.604,	8.132,	3.009,	
2.107,	418.934,	+1000,	1.447,	0.868,	101.328,	3.661,	0.935,	14.561,	10.401,	3.24,	1.178,	
2.739,	8.454,	0.933,	0.247,	1.963,	0.345,	1.997,	1.975,	2.321,	4.774,	10.59,	3.509,	
68.99,	6.594,	1.857,	2.277,	0.869,	1.398,	6.754,	1.766,	1.782,	2.63,	0.997,	1.328,	
0.181,	8.376,	800.411,	8.934,	7.699,	6.796,	1.695,	2.505,	3.283,	3.327,	1.176,	3.876,	
