0.5	1	1.5	2	
0.999999	0.99999	0.9999	
100000	
0.5,	0.5,	0.5,	1,	1,	1,	1.5,	1.5,	1.5,	2,	2,	2,	
0.999999,	0.99999,	0.9999,	0.999999,	0.99999,	0.9999,	0.999999,	0.99999,	0.9999,	0.999999,	0.99999,	0.9999,	
100000,	100000,	100000,	100000,	100000,	100000,	100000,	100000,	100000,	100000,	100000,	100000,	
2.217,	+1000,	+1000,	1.594,	1.458,	0.832,	3.977,	1.761,	3.443,	80.748,	5.556,	2.944,	
1.578,	1.732,	+1000,	1.05,	6.889,	2.636,	1.063,	3.44,	2.216,	21.176,	4.054,	2.408,	
6.551,	16.634,	200.629,	3.756,	17.583,	104.706,	7.744,	4.259,	8.905,	27.399,	8.453,	0.961,	
12.9,	520.976,	+1000,	0.542,	11.754,	8.587,	8.718,	3.335,	6.105,	48.431,	3.9,	1.605,	
4.258,	1.903,	+1000,	1.07,	2.119,	101.742,	5.817,	7.574,	1.852,	51.66,	0.58,	3.266,	
53.198,	6.004,	104.355,	2.266,	2.892,	5.262,	6.832,	11.11,	3.558,	46.608,	5.459,	3.108,	
74.005,	15.599,	0.597,	2.508,	2.415,	100.849,	1.985,	6.731,	1.365,	16.152,	2.089,	103.729,	
178.708,	46.592,	203.957,	2.717,	4.359,	8.02,	0.653,	10.923,	5.642,	1.091,	0.437,	5.583,	
23.893,	117.99,	201.06,	2.546,	6.621,	2.893,	2.808,	6.98,	102.459,	41.085,	6.261,	3.759,	
23.594,	1.446,	+1000,	0.539,	3.017,	1.025,	5.68,	7.153,	12.093,	35.925,	19.466,	4.74,	

201.042,	6.36,	3.019,	3.255,	6.562,	205.674,	6.042,	4.11,	5.95,	18.711,	35.518,	5.334,	
16.574,	4.432,	1.157,	0.854,	0.618,	202.398,	0.897,	3.059,	1.642,	11.031,	17.299,	8.315,	
15.572,	6.518,	101.201,	2.101,	8.865,	204.795,	1.579,	2.708,	0.763,	11.054,	27.863,	5.027,	
12.596,	0.4,	+1000,	0.594,	1.595,	102.762,	3.872,	4.07,	7.055,	29.48,	46.826,	15.864,	
13.006,	2.012,	101.829,	5.175,	1.508,	1.147,	2.431,	8.024,	1.11,	16.365,	7.498,	3.429,	
2,	506.544,	100.767,	11.364,	6.531,	202.739,	9.14,	3.698,	1.648,	57.407,	20.693,	0.388,	
7.501,	+1000,	+1000,	1.137,	5.2,	300.15,	5.495,	3.077,	0.278,	6.878,	21.663,	105.474,	
4.55,	0.985,	7.686,	2.976,	1.002,	100.845,	3.283,	8.532,	12.373,	32.289,	11.522,	3.55,	
125.17,	5.914,	1.422,	2.543,	11.771,	1.966,	1.087,	3.779,	2.125,	31.031,	1.938,	4.682,	
7.22,	11.721,	101.087,	0.619,	2.333,	200.76,	3.629,	4.923,	100.907,	22.129,	6.397,	2.789,	

5.207,	805.98,	4.822,	3.772,	3.781,	1.716,	6.683,	6.315,	4.254,	53.408,	31.244,	2.885,	
7.297,	38.746,	+1000,	2.291,	0.394,	206.614,	11.469,	2.331,	4.991,	27.508,	13.208,	106.314,	
6.429,	4.268,	+1000,	0.6,	0.671,	501.972,	1.101,	2.323,	5.088,	2.145,	2.21,	8.614,	
4.371,	4.105,	100.335,	1.382,	0.386,	201.355,	0.344,	3.894,	304.057,	29.771,	25.133,	103.033,	
5.843,	105.74,	503.536,	3.632,	0.478,	1.707,	1.582,	2.432,	7.905,	2.021,	19.627,	0.49,	
13.807,	10.383,	+1000,	0.395,	0.523,	2.872,	10.964,	1.898,	5.213,	6.56,	3.777,	104.077,	
114.439,	1.549,	5.463,	7.382,	3.731,	4.942,	2.632,	0.408,	0.723,	12.907,	1.471,	3.826,	
3.76,	207.049,	0.866,	4.118,	3.159,	3.509,	3.399,	3.84,	1.738,	48.506,	9.179,	4.449,	
7.836,	8.887,	101.661,	4.786,	2.711,	2.46,	7.362,	0.924,	2.278,	20.58,	0.16,	6.761,	
9.456,	0.843,	+1000,	2.511,	1.941,	3.387,	7.517,	14.579,	0.598,	1.186,	5.447,	3.748,	
