0.5	1	1.5	2	
0.999999	0.99999	0.9999	
100000	
0.5,	0.5,	0.5,	1,	1,	1,	1.5,	1.5,	1.5,	2,	2,	2,	
0.999999,	0.99999,	0.9999,	0.999999,	0.99999,	0.9999,	0.999999,	0.99999,	0.9999,	0.999999,	0.99999,	0.9999,	
100000,	100000,	100000,	100000,	100000,	100000,	100000,	100000,	100000,	100000,	100000,	100000,	
151.664,	2.276,	+1000,	0.356,	2.096,	0.529,	0.845,	3.422,	0.663,	9.234,	35.722,	7.814,	
38.04,	336.731,	0.735,	15.858,	27.668,	206.971,	19.225,	5.146,	3.831,	10.142,	34.518,	1.326,	
68.564,	12.01,	1.158,	8.666,	8.676,	0.252,	6.814,	12.842,	1.371,	48.259,	14.644,	1.41,	
33.381,	2.293,	401.542,	0.946,	0.218,	3.869,	8.734,	1.565,	0.222,	32.57,	12.432,	4.974,	
37.467,	330.719,	100.505,	1.466,	5.988,	2.067,	12.07,	2.565,	3.482,	0.839,	23.854,	113.573,	
72.005,	29.132,	204.239,	2.35,	0.624,	102.913,	2.741,	9.516,	1.624,	12.829,	5.053,	0.896,	
135.257,	41.945,	+1000,	1.13,	4.708,	0.666,	8.749,	3.217,	0.686,	4.821,	23.179,	2.405,	
215.797,	+1000,	2.814,	1.062,	0.536,	2.015,	6.891,	15.762,	1.705,	40.105,	14.797,	4.515,	
1.869,	102.385,	101.746,	2.851,	44.221,	100.834,	22.076,	1.44,	1.579,	21.988,	5.728,	0.319,	
140.659,	7.319,	+1000,	8.393,	7.93,	102.08,	6.64,	9.84,	8.263,	12.774,	20.914,	104.391,	

206.33,	2.726,	105.671,	37.536,	0.455,	1.324,	1.422,	1.141,	101.772,	44.901,	5.451,	105.084,	
30.468,	117.359,	+1000,	3.541,	11.031,	0.889,	20.086,	3.582,	1.669,	7.553,	4.36,	12.794,	
51.661,	101.484,	+1000,	1.53,	3.799,	101.089,	9.898,	4.4,	0.365,	2.766,	2.125,	4.635,	
296.436,	+1000,	101.497,	4.133,	9.412,	206.337,	32.684,	4.136,	103.089,	19.577,	5.3,	3.643,	
1.625,	28.472,	202.735,	3.188,	105.05,	1.455,	9.288,	5.989,	1.383,	42.032,	30.26,	3.225,	
291.701,	+1000,	+1000,	13.162,	0.724,	2.898,	11.002,	7.249,	3.449,	5.755,	37.621,	100.335,	
69.316,	+1000,	2.164,	25.375,	7.867,	101.584,	19.742,	14.966,	0.664,	3.872,	2.004,	6.022,	
109.543,	421.214,	+1000,	1.824,	2.447,	0.722,	4.311,	10.152,	13.767,	55.671,	11.167,	2.644,	
19.53,	2.508,	+1000,	11.692,	0.473,	101.85,	11.49,	15.452,	1.815,	26.092,	4.082,	1.917,	
2.118,	1.423,	102.36,	1.576,	3.045,	4.557,	19.26,	6.439,	12.031,	6.933,	13.326,	7.035,	

77.565,	3.422,	+1000,	2.448,	0.185,	101.109,	2.328,	0.78,	4.629,	13.378,	6.582,	3.983,	
1.462,	+1000,	+1000,	2.637,	12.209,	102.262,	4.355,	0.899,	10.448,	12.486,	0.757,	4.025,	
431.988,	19.275,	1.354,	2.204,	22.815,	1.398,	10.605,	4.779,	203.177,	26.853,	3.536,	3.567,	
9.527,	536.298,	+1000,	3.879,	0.506,	2.654,	3.734,	6.159,	4.018,	2.806,	0.308,	5.027,	
6.81,	102.263,	+1000,	7.221,	4.29,	0.566,	17.702,	2.001,	2.976,	53.092,	33.085,	104.01,	
1.653,	1.512,	100.319,	16.81,	0.792,	201.652,	23.315,	8.64,	4.922,	24.638,	27.304,	4.738,	
12.614,	106.442,	100.485,	37.495,	0.423,	1.332,	0.623,	3.968,	5.318,	25.514,	5.281,	5.532,	
238.498,	509.041,	0.832,	16.112,	6.328,	802.223,	9.551,	12.773,	1.684,	49.128,	3.188,	209.599,	
42.118,	+1000,	+1000,	3.795,	1.587,	506.773,	34.92,	5.966,	102.786,	16.183,	23.384,	3.766,	
5.913,	+1000,	605.193,	1.439,	6.563,	404.476,	13.707,	1.052,	1.843,	47.887,	15.312,	13.562,	
