0.5	1	1.5	2	
0.999999	0.99999	0.9999	
100000	
0.5,	0.5,	0.5,	1,	1,	1,	1.5,	1.5,	1.5,	2,	2,	2,	
0.999999,	0.99999,	0.9999,	0.999999,	0.99999,	0.9999,	0.999999,	0.99999,	0.9999,	0.999999,	0.99999,	0.9999,	
100000,	100000,	100000,	100000,	100000,	100000,	100000,	100000,	100000,	100000,	100000,	100000,	
88.039,	120.778,	+1000,	7.778,	5.427,	202.888,	3.577,	4.184,	2.267,	6.682,	20.952,	1.542,	
70.185,	203.433,	101.312,	2.963,	7.692,	7.752,	4.773,	6.468,	104.641,	54.576,	22.922,	9.152,	
4.736,	4.915,	+1000,	9.043,	2.73,	10.105,	4.34,	15.16,	4.138,	10.296,	28.95,	12.039,	
36.282,	+1000,	+1000,	1.579,	5.089,	1.355,	1.701,	5.568,	5.462,	26.147,	0.612,	2.472,	
46.306,	108.002,	1.958,	2.256,	4.736,	0.91,	11.49,	1.987,	5.411,	49.193,	18.366,	9.045,	
3.312,	110.79,	105.34,	1.893,	3.298,	2.524,	3.781,	6.472,	104.69,	12.283,	13.541,	8.848,	
53.272,	828.298,	508.759,	0.626,	13.117,	2.911,	2.385,	2.222,	7.607,	59.465,	25.23,	6.801,	
116.85,	8.601,	+1000,	11.428,	3.579,	0.917,	3.358,	8.063,	1.396,	7.529,	4.893,	100.927,	
28.894,	5.1,	+1000,	1.376,	5.109,	201.522,	10.052,	11.895,	5.225,	1.745,	10.444,	1.9,	
6.913,	13.248,	+1000,	3.81,	7.474,	2.43,	10.754,	2.372,	10.17,	17.199,	34.875,	5.321,	

11.953,	119.425,	2.751,	8.324,	4.532,	3.343,	5.243,	3.075,	1.486,	58.016,	40.326,	105.192,	
0.573,	101.684,	306.021,	5.368,	3.785,	104.727,	7.156,	14.14,	8.792,	27.133,	17.974,	5.551,	
11.449,	56.707,	+1000,	5.762,	1.246,	3.783,	6.503,	2.357,	2.309,	5.756,	46.115,	6.546,	
35.653,	105.727,	304.524,	0.97,	9.375,	201.649,	2.32,	6.03,	10.648,	60.294,	17.94,	7.29,	
13.825,	5.081,	400.052,	3.776,	0.897,	305.886,	1.186,	11.102,	1.797,	30.492,	13.499,	3.567,	
11.958,	14.599,	+1000,	2.226,	2.056,	5.716,	6.198,	2.901,	0.461,	18.669,	15.193,	11.797,	
22.712,	302.843,	303.1,	3.267,	9.111,	201.603,	3.978,	9.901,	1.931,	7.424,	37.184,	203.917,	
14.441,	106.781,	+1000,	2.904,	0.952,	2.786,	2.352,	9.534,	104.603,	0.833,	12.445,	2.797,	
44.049,	110.267,	+1000,	1.387,	4.316,	1.661,	1.65,	4.184,	2.976,	52.042,	23.938,	4.768,	
3.241,	100.859,	+1000,	3.745,	4.059,	2.104,	1.001,	3.321,	105.166,	4.064,	31.11,	5.581,	

26.932,	10.832,	+1000,	3.036,	4.983,	404.847,	5.019,	17.099,	1.471,	43.359,	24.503,	5.399,	
25.313,	112.348,	+1000,	1.677,	3.896,	1.77,	3.292,	2.855,	2.849,	17.746,	4.349,	14.12,	
11.977,	109.663,	301.843,	4.217,	6.798,	4.586,	3.523,	4.831,	1.529,	49.902,	4.722,	5.957,	
1.07,	16.799,	2.286,	5.957,	2.854,	4.365,	0.785,	12.045,	114.335,	28.087,	5.646,	4.71,	
18.357,	29.606,	+1000,	4.294,	2.764,	3.564,	14.215,	3.739,	8.286,	11.757,	37.894,	6.208,	
52.008,	515.102,	+1000,	2.537,	6.577,	4.883,	2.844,	5.192,	4.188,	15.319,	4.011,	9.051,	
8.901,	133.11,	201.929,	2.016,	12.2,	1.924,	14.646,	2.091,	2.757,	14.584,	24.958,	105.327,	
61.186,	237.001,	5.426,	9.597,	2.85,	2.659,	1.933,	3.925,	8.598,	19.83,	13.148,	5.636,	
159.528,	13.599,	+1000,	5.614,	0.462,	5.379,	7.894,	10.048,	7.668,	55.312,	10.362,	4.907,	
83.678,	811.246,	303.731,	7.906,	2.231,	203.82,	16.226,	3.304,	2.029,	142.689,	25.309,	11.398,	
