0.5	1	1.5	2	
0.999999	0.99999	0.9999	
100000	
0.5,	0.5,	0.5,	1,	1,	1,	1.5,	1.5,	1.5,	2,	2,	2,	
0.999999,	0.99999,	0.9999,	0.999999,	0.99999,	0.9999,	0.999999,	0.99999,	0.9999,	0.999999,	0.99999,	0.9999,	
100000,	100000,	100000,	100000,	100000,	100000,	100000,	100000,	100000,	100000,	100000,	100000,	
7.238,	0.757,	2.711,	4.868,	3.338,	402.33,	2.501,	8.754,	104.767,	11.617,	3.587,	5.654,	
10.928,	6.633,	4.498,	14.659,	10.819,	0.678,	2.361,	7.322,	0.601,	9.082,	13.189,	6.248,	
4.518,	+1000,	+1000,	6.528,	5.162,	501.693,	17.157,	2.871,	102.624,	7.392,	5.806,	1.926,	
13.201,	8.053,	603.813,	6.844,	0.72,	6.292,	3.56,	12.8,	6.489,	4.445,	3.259,	4.99,	
104.277,	7.322,	303.025,	1.099,	0.348,	1.547,	20.12,	3.888,	3.903,	30.557,	2.333,	101.725,	
2.834,	716.718,	301.882,	19.44,	3.263,	100.666,	1.658,	10.131,	2.654,	3.185,	15.051,	2.116,	
1.884,	2.466,	+1000,	1.37,	12.151,	1.934,	5.457,	0.24,	1.405,	0.768,	22.08,	9.317,	
196.109,	1.941,	+1000,	9.13,	102.46,	1.365,	12.944,	1.426,	1.322,	1.319,	7.13,	2.163,	
474.462,	126.915,	+1000,	0.395,	3.732,	6.677,	4.239,	12.394,	0.587,	8.684,	15.343,	4.42,	
133.481,	2.448,	600.558,	4.824,	9.327,	10.462,	2.601,	5.687,	1.784,	26.056,	9.87,	0.162,	

1.003,	6.991,	+1000,	1.952,	0.388,	1.054,	15.098,	3.542,	2.116,	29.211,	6.083,	1.896,	
126.769,	253.099,	+1000,	2.089,	1.773,	2.41,	5.704,	0.809,	13.834,	14.815,	28.061,	8.388,	
2.965,	948.953,	502.359,	10.048,	9.719,	201.314,	5.93,	0.119,	0.252,	4.898,	12.238,	4.242,	
9.003,	317.768,	+1000,	1.747,	1.072,	2.48,	4.194,	2.914,	0.925,	5.994,	0.82,	3.24,	
25.534,	4.01,	+1000,	4.986,	2.308,	310.55,	5.292,	3.709,	4.473,	14.056,	6.619,	0.541,	
8.339,	1.672,	100.099,	29.374,	1.111,	0.539,	3.49,	4.308,	1.915,	29.245,	12.393,	1.46,	
10.232,	5.748,	502.861,	3.182,	10.383,	2.752,	7.569,	0.905,	0.435,	44.757,	6.237,	109.968,	
37.495,	12.731,	902.516,	7.319,	5.638,	306.076,	2.785,	1.042,	0.675,	8.627,	14.804,	1.947,	
23.552,	2.803,	+1000,	7.572,	4.504,	311.447,	9.457,	10.737,	1.204,	19.255,	6.162,	102.418,	
520.606,	17.951,	+1000,	3.875,	4.333,	103.519,	7.48,	8.738,	102.55,	2.546,	4.783,	7.081,	

43.719,	2.065,	1.563,	1.729,	0.838,	201.509,	2.725,	2.475,	0.146,	8.526,	15.336,	2.242,	
298.677,	10.494,	+1000,	0.205,	0.814,	8.288,	3.63,	9.347,	4.212,	23.312,	11.663,	2.199,	
26.519,	2.958,	301.187,	12.35,	11.405,	0.645,	14.042,	10.741,	5.558,	2.068,	5.653,	1.494,	
228.934,	36.757,	3.549,	2.431,	6.512,	9.897,	1.241,	10.001,	1.232,	3.135,	13.916,	7.282,	
104.751,	502.289,	6.45,	0.176,	0.861,	200.917,	1.074,	3.166,	1.723,	36.084,	5.218,	8.279,	
130.571,	106.23,	302.366,	4.986,	2.29,	0.864,	2.863,	4.771,	101.641,	8.01,	16.953,	6.273,	
146.839,	6.269,	100.203,	0.845,	7.177,	3.053,	5.247,	19.757,	2.553,	10.692,	16.374,	1.904,	
359.576,	107.122,	801.778,	1.746,	6.529,	201.292,	1.022,	19.447,	3.788,	1.138,	10.065,	6.624,	
170.537,	10.845,	1.09,	0.249,	12.171,	504.2,	15.626,	1.111,	1.329,	0.653,	1.618,	6.026,	
114.117,	14.963,	0.733,	10.472,	14.481,	202.568,	3.339,	13.663,	102.512,	57.794,	2.65,	4.595,	
