0.5	1	1.5	2	
0.999999	0.99999	0.9999	
100000	
0.5,	0.5,	0.5,	1,	1,	1,	1.5,	1.5,	1.5,	2,	2,	2,	
0.999999,	0.99999,	0.9999,	0.999999,	0.99999,	0.9999,	0.999999,	0.99999,	0.9999,	0.999999,	0.99999,	0.9999,	
100000,	100000,	100000,	100000,	100000,	100000,	100000,	100000,	100000,	100000,	100000,	100000,	
19.726,	21.344,	300.716,	1.889,	108.387,	201.118,	61.059,	34.013,	13.042,	248.69,	23.067,	108.779,	
95.71,	804.793,	100.965,	21.529,	3.567,	304.997,	16.216,	3.49,	106.608,	78.098,	28.19,	5.451,	
72.774,	42.67,	+1000,	11.166,	4.4,	0.431,	17.587,	13.246,	2.677,	303.751,	58.668,	202.452,	
101.535,	305.128,	108.409,	12.509,	4.945,	3.238,	15.978,	17.544,	2.858,	22.086,	22.06,	8.017,	
16.683,	5.601,	+1000,	5.606,	35.651,	100.038,	16.084,	3.63,	106.117,	81.676,	96.72,	14.667,	
36.397,	750.114,	+1000,	0.57,	117.191,	203.519,	12.103,	24.011,	8.189,	79.955,	62.399,	9.346,	
171.71,	37.336,	905.336,	40.463,	3.495,	101.571,	35.796,	22.775,	10.471,	845.728,	31.03,	8.944,	
11.296,	6.802,	800.2,	15.993,	20.237,	6.304,	36.973,	39.504,	3.868,	91.11,	2.919,	3.201,	
29.415,	11.591,	+1000,	19.859,	9.575,	4.112,	41.626,	23.914,	106.447,	76.024,	35.673,	116.088,	
245.603,	204.169,	401.941,	1.595,	22.689,	103.068,	0.456,	26.162,	4.144,	172.988,	32.486,	5.328,	

3.5,	104.219,	702.11,	10.169,	7.359,	105.025,	2.94,	38.033,	103.91,	78.548,	38.062,	3.679,	
6.102,	106.603,	+1000,	17.275,	2.766,	104.733,	44.617,	8.378,	104.654,	79.642,	30.722,	106.743,	
81.6,	415.493,	203.32,	8.773,	4.177,	2.141,	8.849,	40.133,	107.468,	60.849,	20.664,	3.165,	
19.203,	6.913,	200.231,	8.244,	1.138,	101.374,	26.456,	26.291,	11.107,	267.306,	12.124,	105.96,	
5.717,	6.864,	200.39,	23.246,	5.155,	108.439,	12.707,	26.316,	1.478,	45.371,	58.374,	16.075,	
146.698,	67.379,	101.065,	6.215,	5.52,	4.408,	26.144,	14.726,	1.941,	106.689,	56.047,	114.639,	
11.441,	711.333,	100.531,	8.894,	12.464,	106.975,	51.685,	13.196,	7.956,	110.283,	42.791,	209.368,	
10.602,	507.908,	+1000,	15.707,	8.946,	106.084,	35.489,	2.393,	105.309,	61.017,	32.59,	108.766,	
12.929,	408.063,	+1000,	6.171,	5.951,	4.976,	39.951,	17.965,	3.862,	95.34,	38.19,	6.084,	
5.046,	619.273,	107.658,	16.183,	7.018,	302.104,	18.022,	23.217,	307.009,	88.638,	53.657,	6.019,	

44.042,	101.355,	+1000,	48.133,	6.751,	3.417,	6.356,	1.997,	7.743,	329.776,	31.666,	11.429,	
154.935,	25.797,	103.567,	21.814,	74.583,	203.152,	12.863,	16.264,	2.884,	537.355,	44.019,	10.009,	
3.152,	+1000,	203.969,	0.718,	3.414,	106.009,	38.428,	8.609,	5.348,	34.227,	22.955,	103.967,	
81.968,	505.885,	700.914,	8.927,	12.58,	102.921,	53.456,	21.485,	103.944,	78.612,	22.172,	6.421,	
2.897,	913.606,	101.396,	11.615,	3.363,	0.385,	11.366,	29.099,	8.093,	45.191,	16.097,	5.817,	
35.673,	205.78,	+1000,	3.905,	4.328,	1.672,	16.63,	21.266,	203.537,	385.345,	38.397,	8.933,	
10.551,	5.624,	+1000,	4.894,	14.355,	107.682,	22.746,	2.602,	102.347,	188.229,	43.358,	6.277,	
13.247,	+1000,	+1000,	11.57,	0.732,	19.702,	35.166,	14.501,	110.679,	1.178,	24.536,	2.527,	
125.33,	512.51,	+1000,	5.772,	17.832,	1.263,	24.179,	41.401,	1.289,	77.009,	2.644,	105.349,	
43.114,	15.585,	601.543,	27.945,	11.197,	100.043,	17.482,	15.856,	309.353,	277.169,	52.18,	106.302,	
