0.5	1	1.5	2	
0.999999	0.99999	0.9999	
100000	
0.5,	0.5,	0.5,	1,	1,	1,	1.5,	1.5,	1.5,	2,	2,	2,	
0.999999,	0.99999,	0.9999,	0.999999,	0.99999,	0.9999,	0.999999,	0.99999,	0.9999,	0.999999,	0.99999,	0.9999,	
100000,	100000,	100000,	100000,	100000,	100000,	100000,	100000,	100000,	100000,	100000,	100000,	
13.054,	2.569,	4.639,	1.879,	3.442,	502.347,	0.547,	5.348,	102.581,	1.391,	4.778,	5.035,	
7.527,	2.965,	1.125,	10.592,	1.041,	1.672,	0.999,	2.472,	3.307,	0.889,	6.736,	6.852,	
10.697,	1.448,	300.837,	3.48,	1.69,	0.383,	3.574,	0.922,	0.342,	0.3,	1.874,	2.024,	
3.182,	14.388,	2.604,	1.461,	1.593,	1.375,	3.694,	3.173,	1.054,	25.23,	3,	3.877,	
5.299,	+1000,	+1000,	0.66,	2.683,	0.279,	2.485,	1.659,	2.918,	6.611,	9.345,	3.859,	
15.539,	9.444,	100.848,	0.557,	1.359,	4.331,	4.266,	2.21,	1.686,	7.177,	1.803,	2.934,	
11.061,	7.162,	100.108,	3.594,	9.217,	1.229,	11.131,	1.871,	3.649,	4.706,	2.669,	4.288,	
1.481,	6.96,	205.673,	0.731,	0.383,	307.371,	3.62,	1.856,	3.563,	1.85,	6.977,	7.554,	
254.332,	12.106,	300.88,	2.342,	2.372,	1.2,	3.057,	2.988,	5.054,	0.64,	9.199,	101.291,	
7.004,	1.208,	+1000,	1.636,	1.275,	3.024,	1.244,	0.806,	0.479,	0.46,	8.275,	6.187,	

2.224,	7.482,	100.539,	0.67,	1.05,	1.861,	3.234,	4.102,	5.198,	15.74,	1.634,	2.134,	
16.227,	1.291,	+1000,	0.542,	0.836,	0.847,	1.461,	4.765,	1.851,	5.95,	0.667,	2.525,	
45.686,	1.957,	+1000,	8.04,	3.405,	0.953,	2.734,	1.488,	1.164,	4.245,	6.126,	5.892,	
1.338,	200.929,	+1000,	1.55,	0.73,	1.666,	0.838,	4.54,	107.023,	4.232,	3.857,	2.675,	
7.891,	+1000,	+1000,	1.57,	1.62,	0.818,	0.456,	2.811,	0.271,	11.003,	0.697,	1.358,	
3.688,	16.172,	0.914,	8.71,	3.096,	1.089,	1.648,	1.79,	1.316,	4.496,	0.535,	1.634,	
2.665,	9.923,	+1000,	2.882,	2.425,	2.057,	1.834,	3.384,	2.801,	0.768,	1.975,	9.823,	
10.176,	104.617,	2.612,	3.584,	5.618,	4.305,	6.677,	1.259,	1.623,	2.845,	1.333,	4.674,	
440.803,	3.208,	202.411,	0.668,	2.056,	1.017,	1.007,	0.642,	0.71,	10.42,	2.632,	5.187,	
13.442,	11.772,	502.398,	6.855,	0.56,	0.579,	4.084,	2.122,	1.445,	2.2,	1.877,	1.273,	

2.156,	6.93,	1.882,	0.553,	2.598,	1.599,	2.37,	1.455,	0.961,	3.802,	1.126,	2.286,	
1.24,	6.486,	+1000,	2.518,	1.867,	1.05,	2.135,	0.648,	100.24,	8.937,	2.237,	2.194,	
224.611,	5.726,	+1000,	1.208,	0.862,	6.247,	2.83,	0.265,	4.699,	15.642,	3.353,	3.028,	
6.393,	10.481,	101.724,	1.162,	2.279,	5.282,	1.471,	0.364,	1.134,	4.941,	2.848,	2.364,	
137.089,	8.684,	502.332,	1.036,	1.173,	1.067,	4.522,	1.357,	0.632,	2.052,	4.272,	0.494,	
0.867,	1.017,	+1000,	0.672,	6.781,	205.656,	1.455,	1.972,	1.271,	12.969,	2.2,	3.44,	
3.627,	1.623,	308.314,	1.826,	2.667,	6.214,	1.641,	9.135,	2.563,	4.973,	3.013,	2.056,	
1.092,	8.435,	1.436,	1.014,	0.83,	1.301,	1.188,	2.718,	4.545,	19.481,	3.331,	3.653,	
28.249,	4.179,	+1000,	2.906,	14.69,	2.914,	2.878,	1.503,	0.276,	2.623,	3.099,	5.799,	
3.641,	4.204,	401.367,	0.495,	2.192,	202.835,	6.049,	0.777,	1.499,	2.268,	5.066,	2.338,	
