0.5	1	1.5	2	
0.999999	0.99999	0.9999	
100000	
0.5,	0.5,	0.5,	1,	1,	1,	1.5,	1.5,	1.5,	2,	2,	2,	
0.999999,	0.99999,	0.9999,	0.999999,	0.99999,	0.9999,	0.999999,	0.99999,	0.9999,	0.999999,	0.99999,	0.9999,	
100000,	100000,	100000,	100000,	100000,	100000,	100000,	100000,	100000,	100000,	100000,	100000,	
75.88,	1.994,	5.853,	6.068,	0.263,	0.894,	0.513,	3.269,	2.857,	14.962,	3.994,	1.984,	
110.454,	0.379,	+1000,	5.564,	4.889,	1.733,	0.395,	5.709,	1.56,	6.904,	1.546,	2.255,	
115.292,	801.981,	101.6,	13.277,	9.197,	0.589,	2.512,	12.267,	0.165,	3.477,	6.85,	101.099,	
5.461,	704.68,	103.572,	3.427,	12.569,	1.58,	3.362,	0.476,	3.745,	3.771,	4.516,	1.952,	
513.316,	720.509,	+1000,	0.389,	3.072,	101.287,	0.254,	2.585,	4.587,	4.068,	2.375,	2.057,	
230.69,	14.963,	2.737,	10.759,	0.247,	106.045,	2.035,	3.002,	5.115,	1.248,	5.389,	0.43,	
178.655,	241.441,	+1000,	0.585,	6.015,	203.635,	5.886,	0.991,	5.355,	1.9,	0.938,	1.617,	
402.608,	47.096,	200.736,	13.917,	1.952,	100.63,	5.859,	13.134,	3.123,	10.884,	1.127,	1.816,	
0.4,	0.643,	+1000,	0.901,	9.26,	100.191,	2.012,	0.381,	1.83,	2.617,	9.312,	7.2,	
34.902,	629.213,	2.864,	14.876,	4.509,	501.415,	1.499,	0.938,	1.016,	2.467,	5.582,	1.667,	

2.228,	711.471,	+1000,	8.836,	3.805,	3.27,	0.416,	4.045,	102.095,	6.288,	0.804,	3.432,	
0.925,	10.651,	202.315,	0.758,	3.034,	0.412,	3.49,	0.363,	101.098,	0.377,	0.303,	3.319,	
243.079,	0.405,	+1000,	0.729,	0.667,	2.039,	6.652,	0.321,	1.438,	0.7,	0.517,	1.151,	
2.287,	134.632,	103.685,	16.597,	0.65,	101.498,	4.064,	1.536,	201.203,	3.998,	4.433,	3.372,	
38.655,	906.657,	+1000,	3.851,	9.446,	0.298,	1.515,	3.235,	2.155,	1.557,	2.645,	2.189,	
88.659,	415.546,	+1000,	6.545,	8.012,	304.777,	1.514,	2.673,	17.148,	1.568,	22.045,	1.768,	
2.066,	+1000,	2.305,	19.425,	4.264,	1.015,	6.622,	3.37,	1.913,	9.683,	0.709,	1.325,	
1.365,	404.395,	202.58,	4.302,	5.23,	101.03,	2.933,	2,	0.804,	10.775,	13.199,	2.584,	
1.361,	906.203,	3.518,	1.138,	14.88,	201.615,	2.52,	0.399,	1.756,	7.652,	3.845,	3.219,	
61.687,	9.233,	404.697,	2.294,	3.847,	1.052,	8.78,	1.298,	2.253,	5.437,	12.055,	107.17,	

3.175,	3.543,	+1000,	0.612,	14.417,	1.259,	1.336,	0.975,	104.759,	12.995,	3.87,	1.046,	
23.64,	509.096,	+1000,	0.86,	4.83,	1.619,	2.972,	5.656,	3.637,	2.447,	15.265,	2.043,	
11.079,	133.286,	+1000,	1.014,	6.615,	203.837,	4.262,	1.428,	5.115,	1.847,	18.548,	3.801,	
172.693,	2.545,	+1000,	19.668,	0.692,	0.9,	4.029,	6.45,	1.322,	1.471,	9.851,	2.433,	
2.739,	14.028,	+1000,	24.587,	0.492,	306.426,	1.554,	6.237,	1.611,	3.078,	3.898,	0.838,	
159.469,	1.273,	+1000,	0.977,	0.947,	2.308,	3.113,	9.818,	6.397,	6.39,	0.694,	100.676,	
0.966,	7.196,	200.304,	4.134,	0.689,	4.353,	11.124,	6.881,	203.477,	0.995,	4.247,	103.414,	
3.436,	+1000,	+1000,	0.284,	1.24,	803.77,	4.506,	2.775,	103.16,	8.472,	2.999,	2.446,	
13.114,	+1000,	0.696,	10.13,	2.372,	0.502,	1.304,	0.861,	1.218,	5.224,	5.822,	0.694,	
0.303,	207.411,	+1000,	1.296,	1.13,	1.787,	6.456,	6.744,	4.234,	2.57,	7.73,	2.15,	
