0.5	1	1.5	2	
0.999999	0.99999	0.9999	
100000	
0.5,	0.5,	0.5,	1,	1,	1,	1.5,	1.5,	1.5,	2,	2,	2,	
0.999999,	0.99999,	0.9999,	0.999999,	0.99999,	0.9999,	0.999999,	0.99999,	0.9999,	0.999999,	0.99999,	0.9999,	
100000,	100000,	100000,	100000,	100000,	100000,	100000,	100000,	100000,	100000,	100000,	100000,	
13.458,	306.986,	2.565,	1.575,	1.793,	208.448,	5.323,	3.897,	0.8,	12.82,	13.898,	4.624,	
22.274,	13.132,	101.537,	2.34,	5.836,	0.893,	5.539,	3.278,	100.199,	66.517,	17.479,	5.456,	
16.907,	12.097,	100.278,	3.914,	3.059,	201.369,	0.964,	9.695,	0.804,	11.051,	28.837,	10.873,	
7.289,	224.667,	701.263,	15.395,	1.099,	304.296,	2.129,	5.104,	6.813,	10.063,	5.645,	9.957,	
9.323,	105.912,	+1000,	10.952,	1.973,	1.949,	5.734,	14.274,	4.79,	3.446,	20.165,	0.998,	
4.903,	621.927,	8.595,	9.89,	0.505,	211.348,	20.166,	8.024,	100.993,	25.878,	14.933,	8.954,	
6.397,	220.356,	0.874,	1.267,	3.978,	100.979,	4.434,	3.757,	1.463,	28.822,	3.793,	2.006,	
36.099,	905.863,	+1000,	12.95,	4.521,	100.22,	7.762,	1.461,	1.634,	1.171,	22.535,	13.841,	
77.797,	1.668,	200.205,	0.522,	2.38,	8.867,	2.554,	4.729,	4.34,	11.249,	7.071,	11.039,	
3.339,	22.931,	102.997,	3.895,	1.1,	100.865,	3.674,	0.703,	3.855,	32.312,	19.525,	3.423,	
2.446,	105.548,	103.596,	0.921,	2.547,	2.509,	1.181,	0.469,	3.844,	13.093,	6.697,	4.971,	
52.793,	30.704,	201.229,	4.856,	4.097,	101.936,	3.767,	11.665,	14.958,	13.077,	19.506,	5.292,	
24.496,	35.046,	+1000,	1.496,	6.241,	103.538,	13.155,	2.479,	100.69,	20.48,	3.219,	6.258,	
31.044,	21.563,	105.352,	1.849,	4.17,	107.521,	6.78,	1.27,	0.261,	55.287,	13.258,	8.718,	
3.177,	23.754,	102.931,	3.906,	1.794,	1.637,	3.3,	8.246,	3.949,	10.244,	2.927,	5.593,	
10.928,	145.17,	306.159,	5.074,	2.546,	100.026,	3.593,	5.562,	1.821,	6.31,	17.203,	2.326,	
28.534,	39.651,	+1000,	3.054,	1.437,	201.356,	1.86,	19.656,	101.38,	10.333,	10.815,	105.75,	
2.535,	348.326,	0.681,	5.966,	7.724,	2.863,	22.357,	0.667,	2.645,	5.485,	23.867,	2.778,	
108.994,	3.075,	101.555,	4.461,	1.713,	2.726,	11.845,	4.314,	3.988,	35.518,	15.065,	1.554,	
1.358,	5.628,	+1000,	2.53,	1.916,	3.656,	1.518,	12.848,	7.295,	12.057,	14.67,	9.843,	
7.017,	3.785,	+1000,	2.387,	11.982,	1.14,	7.898,	7.808,	6.452,	33.267,	6.463,	300.21,	
52.982,	5.756,	+1000,	3.666,	4.425,	2.946,	6.581,	7.39,	3.283,	5.073,	6.182,	3.285,	
2.915,	0.76,	+1000,	4.519,	5.641,	3.688,	7.525,	1.874,	107.912,	0.831,	7.765,	3.246,	
16.69,	9.461,	300.438,	2.164,	3.93,	202.296,	4.315,	0.602,	7.641,	0.507,	12.69,	3.625,	
2.636,	253.754,	804.277,	1.901,	2.239,	201.403,	3.602,	3.162,	3.428,	1.479,	8.169,	17.164,	
38.318,	25.809,	+1000,	2.36,	3.686,	1.39,	7.458,	4.921,	1.059,	53.458,	7.257,	2.421,	
12.884,	8.069,	109.099,	7.083,	1.665,	303.066,	1.714,	1.596,	2.337,	51.423,	0.781,	6.073,	
28.834,	13.39,	203.174,	1.035,	2.128,	201.323,	3.922,	0.676,	105.549,	25.534,	33.243,	2.901,	
3.292,	509.458,	200.834,	10.936,	4.473,	2.516,	6.858,	4.119,	114.908,	13.816,	12.52,	7.677,	
5.477,	33.026,	1.12,	1.183,	5.825,	2.365,	14.171,	3.036,	0.508,	5.798,	3.528,	1.387,	
