0.5	1	1.5	2	
0.999999	0.99999	0.9999	
100000	
0.5,	0.5,	0.5,	1,	1,	1,	1.5,	1.5,	1.5,	2,	2,	2,	
0.999999,	0.99999,	0.9999,	0.999999,	0.99999,	0.9999,	0.999999,	0.99999,	0.9999,	0.999999,	0.99999,	0.9999,	
100000,	100000,	100000,	100000,	100000,	100000,	100000,	100000,	100000,	100000,	100000,	100000,	
87.659,	129.127,	200.414,	1.43,	1.947,	5.044,	12.188,	0.757,	7.949,	7.115,	3.126,	16.858,	
105.623,	5.452,	702.596,	8.01,	6.345,	2.392,	16.692,	8.525,	1.749,	4.655,	4.321,	2.934,	
17.007,	+1000,	+1000,	15.085,	2.181,	106.807,	3.34,	13.942,	6.51,	27.447,	3.522,	2.812,	
424.471,	20.179,	503.856,	36.893,	1.214,	0.963,	11.76,	1.231,	1.854,	15.857,	12.619,	5.142,	
29.547,	23.665,	402.491,	5.131,	3.68,	103.39,	10.51,	3.783,	3.067,	12.676,	22.618,	8.038,	
3.134,	6.542,	+1000,	0.76,	2.519,	9.346,	0.972,	5.023,	5.416,	14.396,	11.137,	4.745,	
91.977,	3.37,	402.391,	20.687,	4.418,	5.158,	11.634,	18.352,	4.401,	17.944,	30.8,	8.751,	
17.185,	601.15,	5.997,	2.79,	2.479,	200.678,	11.877,	3.134,	7.066,	11.03,	4.383,	6.96,	
3.514,	2.49,	+1000,	5.297,	2.095,	9.652,	10.807,	5.47,	0.924,	15.454,	8.588,	7.088,	
158.087,	611.255,	101.286,	0.279,	1.983,	3.781,	4.369,	1.687,	8.176,	60.951,	21.081,	11.096,	
5.703,	204.005,	+1000,	4.646,	6.507,	3.25,	26.806,	24.789,	101.071,	45.482,	24.722,	10.579,	
2.809,	816.117,	+1000,	7.098,	11.878,	2.629,	12.888,	22.837,	5.318,	73.478,	6.48,	7.78,	
16.601,	137.486,	102.75,	4.519,	7.555,	103.872,	2.182,	23.286,	9.468,	58.44,	3.367,	104.567,	
212.115,	3.803,	102.8,	9.023,	8.282,	302.91,	1.761,	4.151,	3.832,	84.292,	31.95,	0.796,	
327.138,	619.313,	+1000,	2.398,	19.773,	0.915,	1.755,	1.366,	4.583,	22.699,	7.941,	8.975,	
32.43,	5.248,	+1000,	2.664,	28.641,	201.302,	12.113,	3.844,	5.585,	6.583,	15.479,	1.5,	
5.983,	342.882,	+1000,	6.167,	5.699,	101.021,	9.45,	12.939,	6.797,	6.181,	5.123,	4.363,	
110.145,	11.434,	202.957,	19.311,	1.527,	1.078,	8.896,	16.368,	6.788,	20.82,	3.475,	1.876,	
127.428,	13.164,	1.797,	3.91,	3.076,	401.854,	1.713,	1.691,	104.477,	3.1,	21.635,	9.762,	
95.552,	8.23,	3.014,	13.247,	11.88,	102.406,	6.184,	9.779,	101.112,	72.298,	13.567,	0.783,	
99.369,	503.34,	+1000,	7.567,	3.14,	9.343,	21.722,	1.171,	3.517,	19.383,	26.031,	1.58,	
11.298,	4.155,	100.088,	0.989,	7.978,	103.885,	1.003,	7.205,	2.636,	6.291,	36.605,	5.924,	
22.774,	113.573,	600.66,	4.475,	4.711,	102.604,	8.982,	0.896,	0.821,	36.73,	3.892,	3.527,	
265.67,	+1000,	+1000,	6.695,	11.07,	4.292,	5.306,	2.155,	103.963,	4.167,	7.552,	103.476,	
25.556,	3.874,	805.075,	2.276,	3.077,	409.039,	1.827,	4.565,	0.885,	43.892,	7.772,	3.747,	
5.132,	929.726,	902.783,	3.487,	0.944,	403.886,	15.554,	3.217,	3.041,	9.499,	19.666,	2.436,	
22.653,	639.354,	+1000,	3.882,	3.155,	4.223,	16.233,	0.689,	4.046,	1.252,	21.823,	5.729,	
3.139,	2.934,	+1000,	2.885,	1.854,	102.988,	1.958,	2.762,	14.2,	4.773,	15.598,	5.61,	
18.276,	+1000,	500.145,	14.454,	14.068,	1.904,	12.094,	17.251,	104.701,	27.928,	2.276,	3.156,	
72.558,	+1000,	303.242,	3.775,	0.293,	5.277,	3.271,	5.634,	1.016,	38.822,	30.352,	9.031,	
