0.5	1	1.5	2	
0.999999	0.99999	0.9999	
100000	
0.5,	0.5,	0.5,	1,	1,	1,	1.5,	1.5,	1.5,	2,	2,	2,	
0.999999,	0.99999,	0.9999,	0.999999,	0.99999,	0.9999,	0.999999,	0.99999,	0.9999,	0.999999,	0.99999,	0.9999,	
100000,	100000,	100000,	100000,	100000,	100000,	100000,	100000,	100000,	100000,	100000,	100000,	
10.216,	206.405,	+1000,	0.667,	0.631,	1.205,	2.117,	3.793,	0.733,	1.335,	5.088,	2.159,	
305.864,	1.18,	100.511,	6.372,	1.045,	1.008,	4.295,	2.107,	3.342,	10.156,	1.332,	1.392,	
6.083,	2.714,	2.335,	10.298,	3.51,	301.954,	0.521,	0.825,	3.028,	8.154,	3.112,	2.831,	
19.546,	5.182,	300.285,	8.557,	0.948,	0.422,	2.962,	6.708,	1.502,	1.466,	5.067,	2.231,	
6.791,	+1000,	+1000,	6.111,	0.871,	406.461,	3.751,	1.336,	1.104,	2.705,	1.43,	3.951,	
1.404,	+1000,	501.104,	0.729,	1.394,	3.276,	6.018,	1.387,	0.472,	4.383,	4.432,	4.041,	
11.248,	11.487,	1.595,	1.595,	3.124,	8.157,	1.227,	2.234,	1.323,	5.74,	0.395,	0.559,	
5.094,	123.09,	203.619,	0.733,	2.187,	2.959,	1.255,	2.123,	5.021,	3.298,	4.364,	2.117,	
194.781,	14.464,	0.833,	1.229,	0.93,	0.499,	7.909,	0.8,	4.582,	2.803,	4.73,	1.403,	
86.585,	8.778,	200.052,	0.394,	5.058,	1.555,	0.809,	2.135,	3.915,	5.061,	4.338,	0.719,	
4.37,	+1000,	+1000,	2.271,	3.798,	1.314,	2.773,	2.636,	1.802,	6.4,	0.5,	3.24,	
2.284,	1.617,	0.351,	4.091,	0.697,	1.179,	1.807,	0.672,	1.386,	1.014,	1.957,	1.356,	
106.644,	231.756,	2.464,	0.719,	1.741,	1.028,	3.178,	1.932,	0.682,	3.978,	4.762,	4.17,	
4.404,	1.285,	1.59,	0.845,	2.43,	2.88,	5.345,	2.685,	3.909,	12.159,	3.449,	1.267,	
2.325,	7.736,	1.542,	1.137,	8.194,	100.166,	1.052,	1.056,	3.32,	8.422,	4.095,	0.774,	
224.48,	3.271,	+1000,	1.072,	1.488,	2.871,	2.411,	7.75,	0.366,	5.915,	3.6,	0.794,	
87.125,	4.624,	+1000,	5.47,	7.401,	2.872,	3.136,	0.96,	100.259,	6.754,	0.935,	1.039,	
2.531,	209.331,	101.079,	1.38,	4.356,	5.67,	1.609,	3.798,	3.866,	5.874,	7.572,	2.639,	
4.888,	1.169,	3.311,	1.309,	3.063,	11.299,	0.264,	3.032,	1.134,	1.492,	2.825,	3.686,	
3.483,	1.8,	1.47,	5.003,	1.238,	0.891,	0.801,	0.627,	0.8,	0.441,	1.209,	2.951,	
2.039,	4.617,	+1000,	8.69,	0.751,	0.754,	4.365,	1.215,	0.323,	0.399,	9.112,	2.596,	
61.208,	126.057,	0.439,	5.616,	2.891,	4.558,	0.746,	1.39,	2.02,	4.922,	11.61,	101.267,	
27.93,	+1000,	602.527,	2.882,	1.23,	103.536,	4.091,	4.494,	3.513,	1.219,	3.425,	0.617,	
2.595,	0.648,	2.836,	3.754,	7.698,	0.624,	0.962,	2.51,	1.604,	6.92,	10.465,	3.469,	
572.102,	421.951,	104.403,	1.976,	2.403,	101.456,	2.047,	2.95,	1.482,	2.312,	11.368,	0.86,	
0.748,	12.169,	200.65,	4.394,	4.313,	0.328,	4.157,	4.017,	0.6,	4.015,	0.832,	1.4,	
2.501,	313.973,	+1000,	1.591,	1.264,	1.377,	1.629,	2.032,	105.499,	1.969,	5.106,	2.666,	
428.24,	2.472,	102.869,	6.844,	8.808,	0.398,	1.506,	1.262,	1.506,	7.353,	2.897,	1.73,	
46.349,	5.456,	2.54,	10.592,	1.408,	3.081,	2.94,	5.678,	7.059,	1.435,	0.636,	100.247,	
11.724,	1.672,	+1000,	2.611,	6.777,	1.695,	2.075,	6.914,	0.628,	6.117,	1.685,	1.058,	
