0.5	1	1.5	2	
0.999999	0.99999	0.9999	
100000	
0.5,	0.5,	0.5,	1,	1,	1,	1.5,	1.5,	1.5,	2,	2,	2,	
0.999999,	0.99999,	0.9999,	0.999999,	0.99999,	0.9999,	0.999999,	0.99999,	0.9999,	0.999999,	0.99999,	0.9999,	
100000,	100000,	100000,	100000,	100000,	100000,	100000,	100000,	100000,	100000,	100000,	100000,	
0.466,	106.146,	+1000,	0.342,	7.159,	2.031,	1.803,	2.763,	0.5,	5.784,	7.055,	3.461,	
215.191,	12.088,	0.306,	8.398,	9.505,	3.78,	1.51,	4.983,	0.91,	0.935,	5.73,	104.185,	
2.409,	+1000,	0.507,	6.052,	14.71,	200.913,	1.898,	0.407,	0.95,	0.129,	1.293,	3.128,	
50.593,	3.037,	+1000,	10.503,	6.196,	1.145,	4.981,	0.735,	1.072,	1.814,	0.417,	3.494,	
0.904,	4.051,	600.306,	1.239,	4.126,	0.3,	4.576,	15.775,	2.204,	6.317,	2.898,	1.019,	
52.606,	0.605,	401.987,	4.284,	9.481,	2.963,	1.751,	2.823,	0.446,	5.45,	1.112,	4.933,	
0.206,	+1000,	+1000,	3.187,	1.672,	1.647,	11.004,	0.202,	0.995,	0.703,	3.804,	0.54,	
16.619,	2.748,	500.505,	9.964,	3.092,	1.83,	2.572,	1.863,	102.457,	4.074,	5.448,	0.689,	
3.838,	0.487,	2.423,	3.149,	3.55,	0.763,	5.294,	1.079,	6.33,	2.545,	1.872,	8.835,	
123.676,	20.675,	+1000,	1.666,	0.311,	0.57,	0.954,	1.231,	101.458,	4.135,	6.205,	0.985,	

26.549,	8.905,	1.46,	2.631,	6.922,	3.697,	5.326,	3.679,	3.015,	2.422,	5.288,	4.384,	
6.782,	+1000,	1.089,	3.174,	1.175,	1.578,	9.205,	19.308,	0.693,	1.767,	1.923,	2.499,	
3.89,	5.143,	600.147,	7.39,	0.632,	0.815,	4.883,	5.638,	5.474,	6.663,	1.54,	1.126,	
1.863,	21.706,	3.516,	7.486,	1.525,	0.137,	3.278,	4.033,	1.713,	0.81,	5.778,	2.505,	
2.356,	+1000,	0.341,	0.919,	0.793,	0.864,	5.404,	0.888,	1.495,	5.042,	5.654,	5.675,	
2.963,	119.782,	+1000,	0.851,	1.928,	1.325,	0.392,	1.345,	1.184,	4.268,	2.283,	0.903,	
18.717,	+1000,	101.331,	1.364,	6.507,	301.808,	4.685,	2.045,	4.186,	1.865,	2.242,	1.206,	
545.497,	2.015,	+1000,	1.382,	0.583,	0.119,	4.335,	0.894,	1.396,	7.834,	2.51,	1.813,	
0.435,	4.316,	103.131,	0.49,	1.125,	2.032,	2.354,	0.79,	5.396,	3.059,	7.461,	2.587,	
90.312,	2.535,	200.43,	1.332,	1.276,	2.707,	1.912,	3.432,	0.833,	0.252,	5.196,	1.439,	

6.413,	203.675,	202.576,	24.8,	4.87,	1.423,	2.372,	0.717,	5.44,	4.669,	5.191,	8.622,	
114.113,	802.339,	102.819,	5.188,	0.661,	0.085,	6.002,	3.368,	0.714,	2.742,	2.218,	3.851,	
3.337,	3.168,	206.722,	0.486,	0.91,	0.428,	1.536,	0.593,	3.231,	0.724,	2.613,	3.365,	
13.03,	+1000,	2.406,	0.494,	1.876,	0.905,	6.061,	1.319,	106.348,	4.847,	3.897,	5.154,	
3.585,	10.631,	4.389,	0.406,	0.435,	0.474,	4.187,	3.043,	0.256,	8.075,	11.049,	4.13,	
246.172,	519.251,	1.631,	0.5,	0.737,	100.661,	3.361,	1.87,	203.075,	2.118,	12.37,	5.349,	
556.409,	0.932,	101.526,	4.996,	6.258,	3.989,	5.681,	0.851,	1.862,	0.386,	2.224,	3.233,	
254.491,	2.383,	+1000,	1.623,	2.22,	1.88,	0.195,	1.112,	1.549,	1.401,	5.234,	203.528,	
317.115,	2.76,	1.968,	0.727,	3.957,	0.667,	5.024,	0.583,	0.245,	6.613,	8.032,	0.589,	
1.312,	2.895,	+1000,	8.693,	1.347,	0.609,	1.151,	0.301,	101.712,	0.594,	2.503,	1.089,	
