0.5	1	1.5	2	
0.999999	0.99999	0.9999	
100000	
0.5,	0.5,	0.5,	1,	1,	1,	1.5,	1.5,	1.5,	2,	2,	2,	
0.999999,	0.99999,	0.9999,	0.999999,	0.99999,	0.9999,	0.999999,	0.99999,	0.9999,	0.999999,	0.99999,	0.9999,	
100000,	100000,	100000,	100000,	100000,	100000,	100000,	100000,	100000,	100000,	100000,	100000,	
3.83,	9.682,	3.686,	4.307,	3.318,	1.798,	3.929,	0.886,	1.374,	3.335,	17.281,	5.613,	
8.021,	3.049,	+1000,	4.931,	1.874,	1.583,	1.689,	8.857,	3.964,	7.826,	11.49,	0.844,	
9.73,	18.652,	2.022,	2.041,	3.095,	101.33,	6.067,	5.467,	0.924,	2.207,	4.643,	7.848,	
52.459,	27.296,	+1000,	2.556,	1.088,	4.321,	1.575,	2.662,	8.464,	4.796,	4.089,	2.4,	
36.165,	1.922,	200.843,	1.325,	0.92,	1.06,	0.964,	7.297,	4.335,	3.042,	1.113,	2.096,	
2.831,	7.386,	204.86,	9.688,	7.374,	0.741,	1.747,	1.622,	3.941,	4.084,	5.995,	3.416,	
6.745,	202.549,	+1000,	5.637,	3.82,	200.65,	1.446,	0.428,	101.658,	2.614,	15.346,	3.596,	
56.002,	3.437,	+1000,	3.484,	9.164,	1.956,	0.895,	4.657,	1.382,	7.322,	1.927,	2.808,	
0.67,	4.986,	103.428,	3.789,	2.46,	100.372,	0.704,	1.706,	2.376,	8.904,	8.099,	3.774,	
4.939,	4.217,	501.016,	1.136,	1.39,	1.811,	4.524,	1.543,	2.326,	0.747,	2.597,	8.114,	
11.723,	11.256,	906.141,	1.979,	0.621,	1.067,	1.135,	7.437,	2.5,	3.057,	2.901,	1.986,	
6.611,	5.044,	102.132,	3.546,	1.281,	1.538,	6.203,	5.081,	2.924,	5.75,	3.421,	2.393,	
5.419,	307.92,	1.794,	0.805,	3.349,	5.6,	1.156,	7.987,	1.098,	4.808,	8.874,	6.076,	
20.238,	2.757,	+1000,	1.912,	1.664,	101.114,	0.308,	1.986,	2.918,	2.164,	14.915,	4.16,	
2.389,	308.139,	700.301,	3.317,	1.872,	100.572,	0.781,	2.383,	1.576,	4.782,	1.158,	3.061,	
37.082,	12.598,	906.685,	2.551,	8.651,	104.86,	2.621,	11.275,	2.261,	1.122,	7.943,	3.129,	
12.799,	102.086,	100.791,	3.976,	4.475,	100.387,	1.908,	3.49,	8.556,	4.721,	2.634,	1.49,	
5.836,	5.716,	400.71,	1.211,	4.55,	2.657,	2.25,	7.612,	0.606,	7.804,	2.603,	9.481,	
36.146,	7.973,	403.777,	3.265,	1.625,	11.541,	2.631,	2.17,	1.27,	3.546,	1.51,	1.716,	
3.594,	+1000,	902.967,	3.276,	3.988,	102.034,	5.698,	2.545,	2.066,	7.678,	1.553,	5.212,	
3.868,	503.957,	+1000,	2.373,	1.053,	3.124,	2.38,	0.771,	1.971,	3.971,	2.254,	5.713,	
37.629,	20.043,	502.904,	4.533,	9.503,	2.698,	1.452,	1.797,	3.102,	7.329,	3.089,	5.003,	
7.381,	12.823,	+1000,	0.287,	3.69,	3.381,	5.068,	5.845,	2.177,	16.812,	3.793,	1.84,	
31.525,	2.064,	+1000,	3.343,	11.442,	3.446,	3.333,	1.114,	3.223,	1.726,	0.623,	7.337,	
36.436,	4.869,	103.089,	0.876,	3.772,	2.723,	10.048,	0.775,	4.108,	2.669,	10.426,	1.848,	
16.21,	8.174,	+1000,	4.195,	9.967,	100.864,	1.147,	2.669,	1.399,	0.967,	7.867,	4.48,	
17.834,	7.185,	+1000,	1.587,	2.55,	101.249,	0.519,	2.312,	3.828,	5.888,	3.463,	4.375,	
13.553,	11.468,	400.49,	2.737,	4.668,	101.525,	3.989,	1.334,	100.401,	18.654,	2.057,	0.594,	
21.088,	303.973,	301.184,	1.848,	6.713,	0.734,	15.495,	0.988,	2.379,	9.433,	16.961,	1.47,	
18.466,	19.269,	+1000,	8.122,	7.577,	6.758,	4.24,	7.65,	8.025,	10.809,	0.803,	2.436,	
