0.5	1	1.5	2	
0.999999	0.99999	0.9999	
100000	
0.5,	0.5,	0.5,	1,	1,	1,	1.5,	1.5,	1.5,	2,	2,	2,	
0.999999,	0.99999,	0.9999,	0.999999,	0.99999,	0.9999,	0.999999,	0.99999,	0.9999,	0.999999,	0.99999,	0.9999,	
100000,	100000,	100000,	100000,	100000,	100000,	100000,	100000,	100000,	100000,	100000,	100000,	
2.487,	0.203,	2.199,	2.19,	0.722,	0.693,	1.163,	2.027,	0.787,	1.765,	0.857,	1.144,	
3.881,	5.768,	102.658,	1.624,	1.303,	0.751,	1.129,	0.388,	1.89,	0.95,	0.549,	4.986,	
1.546,	1.285,	2.701,	0.138,	0.248,	3.081,	0.62,	1.153,	0.464,	2.176,	3.627,	0.617,	
2.24,	4.874,	3.544,	1.149,	2.027,	0.17,	0.796,	0.979,	1.751,	1.316,	1.073,	1.956,	
5.598,	4.6,	103.03,	0.844,	1.68,	0.985,	1.082,	1.633,	1.632,	1.377,	0.331,	0.608,	
1.706,	8.17,	0.799,	0.727,	1.267,	0.767,	0.644,	2.673,	2.072,	2.29,	1.532,	3.217,	
1.935,	17.868,	2.842,	2.518,	0.614,	0.918,	3.958,	0.482,	0.872,	6.339,	1.154,	3.085,	
2.845,	0.936,	+1000,	1.236,	1.967,	2.761,	1.424,	0.454,	1.236,	4.817,	1.413,	1.242,	
5.229,	2.55,	2.879,	1.056,	0.514,	0.93,	0.845,	1.374,	0.331,	0.575,	2,	4.107,	
3.623,	2.285,	100.879,	0.586,	1.419,	1.215,	0.365,	0.774,	0.451,	5.016,	7.354,	2.909,	
4.13,	2.716,	7.389,	0.851,	0.52,	0.926,	1.232,	0.381,	0.908,	3.116,	1.953,	1.267,	
8.699,	1.286,	0.958,	0.77,	0.977,	2.465,	1.133,	0.389,	1.873,	5.974,	0.655,	0.512,	
1.896,	15.161,	0.278,	2.578,	1.474,	0.266,	0.554,	1.58,	1.168,	1.457,	2.347,	1.369,	
5.492,	5.318,	0.54,	0.333,	1.066,	0.356,	2.244,	1.292,	0.511,	0.969,	1.159,	1.296,	
0.28,	13.237,	207.419,	0.761,	1.426,	1.69,	2.999,	0.241,	0.558,	0.796,	1.997,	1.093,	
2.448,	0.996,	201.943,	1.558,	0.584,	0.874,	2.467,	0.896,	0.638,	1.081,	2.398,	2.362,	
1.254,	0.311,	304.98,	0.744,	2.888,	0.448,	0.549,	0.314,	3.75,	1.693,	1.857,	3.414,	
4.82,	5.161,	400.744,	0.657,	1.208,	0.67,	1.244,	0.746,	1.263,	1.311,	2.369,	1.643,	
5.381,	10.414,	102.177,	1.354,	0.757,	1.757,	1.236,	0.917,	0.5,	1.57,	3.499,	0.618,	
0.695,	8.309,	2.244,	1.405,	1.052,	1.311,	1.541,	1.077,	0.867,	3.687,	0.335,	0.399,	
19.698,	2.817,	301.342,	1.374,	2.06,	2.846,	1.091,	3.873,	0.637,	3.965,	2.834,	2.049,	
1.795,	2.732,	100.416,	0.928,	3.212,	1.987,	0.668,	1.973,	0.771,	0.572,	5.155,	2.968,	
4.032,	0.715,	202.105,	0.68,	0.939,	3.186,	0.793,	0.504,	1.471,	4.701,	3.785,	3.813,	
5.22,	4.517,	103.96,	2.535,	0.634,	0.541,	0.714,	0.44,	0.911,	3.808,	1.002,	0.922,	
6.555,	5.628,	2.217,	2.182,	0.588,	1.183,	0.698,	2.332,	0.772,	1.88,	0.953,	2.916,	
2.236,	1.132,	202.604,	1.827,	1.273,	0.174,	1.613,	1.649,	0.406,	1.178,	0.386,	1.602,	
1.226,	1.493,	7.437,	3.415,	1.539,	0.502,	4.414,	0.564,	1.992,	11.518,	0.43,	0.579,	
5.308,	3.573,	102.122,	1.709,	1.091,	3.146,	0.546,	0.812,	0.475,	3.211,	2.167,	1.544,	
4.715,	2.405,	1.219,	0.548,	0.451,	1.256,	2.112,	1.209,	0.328,	1.957,	1.333,	5.715,	
6.435,	14.781,	203.974,	1.68,	0.547,	2.723,	3.294,	0.436,	0.553,	2.778,	0.761,	0.508,	
