0.5	1	1.5	2	
0.999999	0.99999	0.9999	
100000	
0.5,	0.5,	0.5,	1,	1,	1,	1.5,	1.5,	1.5,	2,	2,	2,	
0.999999,	0.99999,	0.9999,	0.999999,	0.99999,	0.9999,	0.999999,	0.99999,	0.9999,	0.999999,	0.99999,	0.9999,	
100000,	100000,	100000,	100000,	100000,	100000,	100000,	100000,	100000,	100000,	100000,	100000,	
60.974,	510.402,	4.988,	8.607,	4.017,	207.625,	3.235,	4.001,	11.795,	1.666,	14.765,	203.972,	
21.839,	1.116,	201.577,	0.73,	2.147,	202.843,	40.095,	8.446,	1.504,	23.57,	2.387,	4.163,	
18.811,	17.692,	+1000,	1.351,	1.708,	1.654,	12.15,	0.48,	1.225,	3.696,	25.596,	1.815,	
1.827,	461.619,	803.273,	28.66,	2.83,	0.846,	18.571,	34.369,	102.667,	64.388,	31.478,	9.204,	
0.763,	329.454,	+1000,	9.898,	0.654,	403.716,	5.605,	1.732,	2.213,	11.661,	13.017,	3.147,	
45.602,	702.168,	+1000,	10.633,	5.068,	201.758,	4.284,	14.056,	2.307,	2.353,	16.095,	2.843,	
27.183,	421.036,	509.168,	0.492,	1.934,	203.062,	18.084,	1.423,	1.803,	18.053,	13.894,	107.612,	
15.39,	100.414,	101.116,	5.661,	10.409,	100.302,	9.344,	4.842,	3.977,	12.188,	15.707,	117.93,	
93.589,	7.685,	2.296,	2.666,	15.567,	303.641,	12.846,	1.048,	1.648,	11.918,	30.514,	5.038,	
130.33,	9.526,	+1000,	12.665,	2.119,	103.119,	3.3,	1.673,	202.267,	30.923,	11.565,	108.34,	
14.451,	144.093,	103.063,	12.839,	2.767,	602.927,	0.927,	7.201,	7.191,	19.449,	6.019,	205.302,	
1.744,	327.154,	+1000,	14.721,	2.693,	3.007,	4.722,	8.879,	204.114,	3.734,	11.116,	3.27,	
32.418,	309.761,	904.292,	1.864,	18.016,	3.065,	3.33,	2.597,	207.63,	13.765,	8.85,	1.084,	
20.967,	80.242,	+1000,	8.93,	4.751,	1.98,	4.749,	3.7,	105.573,	3.388,	5.563,	2.374,	
59.678,	8.364,	+1000,	0.905,	9.491,	1.69,	6.359,	2.674,	1.657,	50.019,	21.653,	6.362,	
7.702,	24.997,	1.94,	11.924,	6.6,	+1000,	18.737,	3.24,	300.639,	17.111,	24.212,	8.794,	
122.037,	150.887,	+1000,	17.323,	13.219,	101.654,	24.856,	18.587,	107.701,	4.071,	40.737,	16.11,	
159.859,	308.577,	+1000,	10.376,	4.454,	104.192,	1.87,	12.056,	104.431,	81.645,	11.848,	3.905,	
99.364,	212.264,	404.394,	0.449,	2.953,	106.927,	4.222,	15.569,	100.273,	6.732,	8.433,	3.202,	
7.967,	303.132,	+1000,	18.717,	5.574,	401.688,	7.563,	30.352,	105.025,	12.966,	11.423,	5.482,	
15.137,	37.145,	+1000,	43.646,	2.355,	100.398,	8.028,	17.838,	7.827,	1.459,	17.719,	11.163,	
29.072,	112.076,	+1000,	4.812,	22.011,	303.646,	3.407,	1.579,	8.621,	17.725,	12.53,	3.201,	
3.554,	102.13,	+1000,	1.22,	31.523,	106.571,	1.405,	6.901,	5.923,	40.337,	13.705,	2.246,	
219.938,	127.756,	+1000,	1.362,	1.247,	2.522,	7.808,	7.393,	4.137,	44.652,	18.042,	6.63,	
6.022,	17.847,	+1000,	3.544,	6.025,	5.794,	2.062,	18.143,	6.074,	24.12,	30.898,	5.262,	
7.591,	11.432,	1.483,	5.02,	13.228,	202.432,	7.257,	12.361,	4.891,	30.133,	0.409,	6.201,	
347.603,	126.483,	100.359,	3.992,	11.427,	1.308,	7.847,	20.165,	600.157,	25.687,	24.165,	10.869,	
1.319,	214.431,	5.38,	5.801,	16.838,	0.788,	6.629,	1.871,	2.873,	44.258,	38.379,	4.552,	
14.45,	31.584,	801.274,	12.744,	21.284,	104.819,	5.021,	3.765,	5.95,	81.329,	21.805,	1.692,	
22.629,	9.988,	401.086,	10.058,	0.532,	2.683,	16.132,	17.613,	6.081,	67.164,	47.973,	3.208,	
