0.5	1	1.5	2	
0.999999	0.99999	0.9999	
100000	
0.5,	0.5,	0.5,	1,	1,	1,	1.5,	1.5,	1.5,	2,	2,	2,	
0.999999,	0.99999,	0.9999,	0.999999,	0.99999,	0.9999,	0.999999,	0.99999,	0.9999,	0.999999,	0.99999,	0.9999,	
100000,	100000,	100000,	100000,	100000,	100000,	100000,	100000,	100000,	100000,	100000,	100000,	
2.174,	0.927,	200.825,	2.311,	2.832,	0.605,	2.152,	1.082,	100.413,	0.588,	0.599,	0.672,	
14.237,	0.694,	12.408,	4.087,	1.565,	702.609,	2.528,	2.184,	0.29,	0.832,	6.095,	1.211,	
216.038,	9.074,	5.097,	0.848,	3.931,	101.895,	0.86,	0.714,	1.068,	0.422,	0.934,	1.484,	
375.788,	+1000,	601.222,	2.858,	2.04,	0.921,	0.169,	0.309,	0.233,	4.692,	0.47,	0.923,	
1.502,	0.653,	+1000,	0.174,	5.556,	2.767,	0.856,	0.869,	0.718,	0.317,	0.443,	0.633,	
1.788,	+1000,	100.84,	0.595,	5.139,	2.638,	4.554,	0.401,	0.719,	0.607,	1.785,	1.886,	
4.967,	8.871,	2.221,	0.579,	0.332,	2.242,	0.352,	4.147,	0.913,	0.644,	2.964,	1.045,	
5.345,	3.799,	+1000,	2.442,	3.273,	0.996,	1.877,	0.811,	0.546,	3.064,	1.243,	1.315,	
9.9,	+1000,	3.675,	1.011,	2.235,	4.377,	1.944,	2.703,	1.267,	0.712,	2.19,	1.524,	
941.906,	0.93,	+1000,	1.528,	0.382,	2.409,	1.267,	0.33,	1.315,	1.388,	4.906,	0.541,	

9.034,	1.69,	1.472,	3.618,	0.582,	204.693,	1.43,	1.096,	2.202,	0.318,	1.209,	1.754,	
237.027,	3.493,	+1000,	2.383,	1.183,	2.855,	2.167,	2.508,	0.423,	1.32,	1.399,	0.418,	
3.24,	+1000,	1.382,	3.022,	0.766,	4.188,	4.054,	0.664,	1.34,	0.799,	1.797,	3.626,	
3.412,	30.345,	+1000,	1.227,	3.459,	1.012,	1.103,	0.723,	1.664,	1.492,	0.47,	1.044,	
2.038,	2.397,	0.315,	1.404,	1.52,	2.31,	1.018,	6.281,	1.324,	5.182,	0.697,	0.541,	
1.612,	4.117,	0.515,	0.779,	2.205,	1.13,	1.077,	0.597,	1.416,	2.308,	0.873,	2.424,	
5.261,	6.479,	100.584,	0.616,	1.467,	301.07,	0.543,	1.024,	1.938,	0.542,	1.622,	1.984,	
836.3,	11.903,	4.118,	0.467,	2.22,	0.733,	0.958,	1.095,	0.388,	2.062,	0.562,	2.874,	
1.323,	3.05,	306.472,	4.303,	1.114,	400.327,	0.893,	0.469,	0.467,	2.761,	2.494,	0.585,	
10.05,	+1000,	500.832,	2.41,	0.348,	0.783,	0.565,	1.683,	1.554,	1.404,	2.195,	1.966,	

58.286,	6.836,	+1000,	0.57,	3.708,	1.119,	0.612,	0.598,	1.55,	0.385,	0.37,	0.749,	
3.412,	+1000,	1.352,	2.081,	0.833,	1.915,	1.286,	0.493,	0.841,	2.381,	2.416,	2.057,	
3.861,	2.973,	+1000,	3.864,	0.775,	3.142,	4.055,	7.384,	0.671,	1.735,	0.668,	0.65,	
934.058,	+1000,	105.784,	0.952,	1.784,	0.457,	2.583,	1.681,	0.799,	0.468,	1.002,	4.329,	
12.045,	7.706,	100.92,	2.157,	2.121,	101.368,	3.97,	4.871,	6.302,	2.756,	1.025,	2.717,	
22.503,	+1000,	102.08,	2.05,	9.181,	100.651,	1.285,	0.687,	2.547,	1.649,	1.298,	2.978,	
14.446,	3.244,	2.564,	1.15,	1.125,	703.606,	1.068,	0.881,	0.874,	2.446,	0.242,	0.917,	
668.788,	102.412,	+1000,	6.359,	1.627,	101.656,	3.806,	0.805,	1.959,	0.7,	0.371,	0.96,	
1.151,	209.151,	100.153,	13.413,	0.586,	1.6,	1.25,	0.468,	1.186,	0.961,	2.103,	1.407,	
7.196,	13.191,	102.002,	0.683,	1.02,	0.883,	1.294,	1.705,	0.454,	2.509,	2.014,	0.637,	
