0.5	1	1.5	2	
0.999999	0.99999	0.9999	
100000	
0.5,	0.5,	0.5,	1,	1,	1,	1.5,	1.5,	1.5,	2,	2,	2,	
0.999999,	0.99999,	0.9999,	0.999999,	0.99999,	0.9999,	0.999999,	0.99999,	0.9999,	0.999999,	0.99999,	0.9999,	
100000,	100000,	100000,	100000,	100000,	100000,	100000,	100000,	100000,	100000,	100000,	100000,	
55.436,	109.939,	100.734,	1.89,	2.779,	2.031,	0.614,	1.806,	1.904,	3.97,	0.134,	1.989,	
22.558,	0.237,	+1000,	1.176,	8.095,	2.443,	0.39,	1.619,	1.689,	3.241,	0.366,	5.532,	
5.839,	15.213,	402.403,	1.132,	1.32,	1.151,	0.947,	0.639,	4.31,	1.329,	4.529,	2.896,	
11.919,	128.639,	201.972,	0.789,	1.237,	1.993,	0.705,	0.66,	1.148,	0.293,	5.458,	5.4,	
21.615,	5.149,	301.287,	0.941,	0.461,	1.316,	4.895,	0.197,	1.411,	1.971,	4.897,	1.005,	
6.485,	2.49,	+1000,	0.904,	1.993,	0.753,	0.913,	1.882,	2.616,	4.383,	3.383,	4.786,	
1.924,	0.403,	200.438,	1.434,	1.81,	1.216,	2.65,	2.173,	0.614,	7.228,	0.597,	2.987,	
18.636,	110.209,	+1000,	0.175,	7.21,	0.668,	2.584,	6.15,	0.556,	3.359,	0.183,	1.85,	
3.233,	3.109,	3.673,	1.971,	1.546,	0.207,	2.31,	0.204,	0.87,	5.736,	2.598,	6.421,	
8.343,	8.481,	301.16,	2.392,	4.901,	0.427,	3.215,	3.279,	2.393,	1.943,	6.276,	5.418,	
2.67,	16.259,	400.278,	1.994,	0.65,	0.261,	1.84,	2.559,	2.214,	2.098,	0.189,	3.174,	
17.002,	7.491,	601.992,	1.776,	0.322,	2.663,	2.979,	3.696,	4.081,	1.58,	3.925,	4.229,	
9.116,	8.884,	0.328,	12.856,	10.339,	2.851,	0.995,	3.756,	2.915,	0.956,	3.087,	1.849,	
7.376,	2.061,	307.588,	1.144,	2.844,	3.044,	1.452,	1.772,	0.842,	0.392,	2.318,	0.564,	
1.051,	5.644,	+1000,	1.342,	3.16,	1.103,	2.182,	1.194,	0.878,	8.599,	3.937,	1.324,	
1.333,	8.7,	601.698,	2.408,	1.427,	101.251,	0.26,	3.723,	1.565,	0.612,	12.04,	1.773,	
34.738,	4.407,	100.916,	0.157,	1.965,	101.235,	1.261,	0.565,	0.36,	3.489,	4.226,	1.291,	
6.665,	6.368,	103.306,	0.784,	0.494,	1.032,	1.211,	3.053,	1.5,	0.59,	6.235,	6.012,	
18.653,	5.579,	101.633,	0.776,	1.023,	1.56,	5.677,	0.923,	1.427,	1.226,	3.924,	1.2,	
27.153,	8.197,	300.79,	4.476,	1.928,	0.217,	5.11,	6.875,	0.658,	0.461,	3.418,	1.776,	
1.776,	5.681,	200.61,	5.089,	0.589,	7.407,	0.761,	3.067,	0.386,	1.547,	3.896,	2.537,	
14.151,	130.843,	1.872,	7.31,	3.012,	0.601,	4.547,	2.136,	2.751,	2.351,	2.939,	2.738,	
18.457,	10.548,	404.566,	5.055,	1.182,	0.976,	7.543,	2.41,	0.685,	0.702,	5.787,	9.334,	
5.184,	21.185,	302.039,	0.969,	7.477,	1.514,	3.82,	0.393,	2.314,	0.871,	0.831,	5.806,	
2.102,	1.933,	601.32,	1.517,	0.798,	1.204,	2.819,	3.76,	2.493,	0.501,	2.857,	3.277,	
3.003,	16.137,	100.384,	4.333,	0.412,	101.687,	1.279,	1.377,	2.628,	3.213,	7.63,	0.936,	
5.655,	107.305,	100.769,	2.1,	8.055,	2.107,	2.123,	3.385,	7.393,	12.878,	1.423,	0.326,	
8.07,	9.653,	701.316,	1.738,	3.673,	0.367,	7.783,	2.17,	3.948,	1.972,	1.883,	7.063,	
4.093,	14.129,	3.983,	4.132,	1.177,	1.146,	3.491,	3.615,	4.666,	2.585,	10.437,	9.529,	
3.118,	16.359,	302.753,	0.462,	1.148,	1.746,	2.655,	1.236,	2.287,	5.449,	2.161,	0.85,	
