0.5	1	1.5	2	
0.999999	0.99999	0.9999	
100000	
0.5,	0.5,	0.5,	1,	1,	1,	1.5,	1.5,	1.5,	2,	2,	2,	
0.999999,	0.99999,	0.9999,	0.999999,	0.99999,	0.9999,	0.999999,	0.99999,	0.9999,	0.999999,	0.99999,	0.9999,	
100000,	100000,	100000,	100000,	100000,	100000,	100000,	100000,	100000,	100000,	100000,	100000,	
21.941,	1.289,	+1000,	2.608,	0.857,	5.042,	8.757,	0.576,	0.239,	0.771,	0.499,	2.776,	
24.318,	17.211,	602.927,	4.11,	2.386,	3.286,	2.41,	2.662,	6.061,	5.384,	7.049,	2.257,	
11.066,	1.564,	0.318,	0.699,	0.641,	0.3,	3.427,	1.229,	1.723,	12.463,	0.88,	3.83,	
5.738,	9.658,	+1000,	6.382,	2.539,	2.686,	1.643,	0.727,	0.685,	4.134,	10.085,	0.766,	
41.609,	+1000,	+1000,	2.781,	0.786,	100.548,	0.531,	2.626,	2.819,	0.79,	4.318,	1.529,	
35.647,	12.528,	+1000,	1.093,	3.652,	1.666,	2.137,	2.632,	2.158,	5.687,	8.93,	1.42,	
4.531,	152.129,	1.316,	2.303,	2.037,	102.592,	1.357,	2.438,	2.122,	1.296,	5.292,	7.155,	
120.11,	5.078,	104.761,	5.825,	2.43,	101.98,	1.229,	0.329,	4.064,	2.323,	1.56,	1.562,	
5.418,	315.389,	2.083,	0.282,	4.978,	102.093,	1.58,	1.359,	8.138,	10.713,	0.894,	5.034,	
4.723,	21.571,	6.62,	2.871,	1.819,	101.83,	2.482,	2.506,	6.676,	0.504,	3.32,	3.756,	
68.647,	102.554,	401.65,	6.917,	6.017,	4.452,	1.412,	1.508,	3.663,	2.77,	2.039,	2.762,	
12.611,	10.056,	+1000,	5.474,	1.073,	103.324,	0.641,	1.415,	1.869,	5.716,	3.458,	2.467,	
17.126,	1.827,	202.465,	2.778,	7.789,	0.729,	5.612,	3.74,	1.444,	0.512,	11.225,	1.141,	
102.423,	3.583,	500.126,	0.475,	2.19,	101.227,	0.556,	2.94,	1.263,	8.863,	1.493,	4.946,	
7.639,	12.731,	302.419,	4.424,	3.478,	0.395,	1.084,	1.707,	0.901,	1.827,	3.621,	0.748,	
37.387,	219.123,	0.543,	1.657,	8.109,	0.739,	7.691,	2.616,	1.145,	1.34,	3.808,	4.268,	
2.675,	6.893,	703.146,	1.207,	1.935,	102.239,	0.609,	0.786,	1.149,	3.412,	8.87,	2.962,	
2.326,	+1000,	+1000,	1.263,	4.506,	100.129,	1.116,	1.488,	1.191,	6.839,	0.846,	1.469,	
17.245,	418.168,	3.619,	0.858,	1.372,	110.571,	1.724,	5.131,	4.026,	0.94,	3.971,	1.026,	
15.348,	129.226,	+1000,	14.663,	2.519,	4.856,	4.161,	0.831,	5.274,	1.797,	1.32,	0.277,	
3.589,	4.555,	400.527,	2.015,	2.582,	101.696,	1.174,	3.096,	1.068,	2.15,	2.297,	3.899,	
12.174,	104.787,	101.273,	1.483,	0.465,	100.525,	0.592,	4.857,	1.35,	2.513,	1.08,	1.749,	
1.453,	119.057,	0.954,	3.487,	4.317,	0.864,	1.76,	7.846,	1.181,	7.445,	4.119,	14.359,	
17.98,	23.869,	700.496,	0.966,	0.883,	1.979,	0.333,	6.895,	2.838,	17.39,	3.033,	1.939,	
25.759,	27.18,	+1000,	1.043,	4.524,	2.566,	1.547,	8.77,	0.629,	0.544,	6.015,	0.626,	
27.99,	1.044,	607.648,	0.824,	0.751,	2.826,	1.293,	6.422,	5.468,	3.996,	6.113,	1.656,	
15.761,	0.874,	201.909,	4.45,	6.384,	0.684,	0.177,	2.254,	3.278,	1.71,	10.132,	0.74,	
2.647,	110.077,	0.764,	0.341,	1.315,	0.386,	0.554,	0.803,	6.645,	1.492,	2.104,	2.92,	
3.631,	137.584,	600.124,	1.035,	3.487,	0.866,	7.113,	0.393,	3.135,	2.738,	0.962,	2.643,	
23.203,	346.845,	0.535,	0.692,	15.388,	2.915,	0.882,	1.336,	6.015,	1.948,	1.662,	1.047,	
