0.5	1	1.5	2	
0.999999	0.99999	0.9999	
100000	
0.5,	0.5,	0.5,	1,	1,	1,	1.5,	1.5,	1.5,	2,	2,	2,	
0.999999,	0.99999,	0.9999,	0.999999,	0.99999,	0.9999,	0.999999,	0.99999,	0.9999,	0.999999,	0.99999,	0.9999,	
100000,	100000,	100000,	100000,	100000,	100000,	100000,	100000,	100000,	100000,	100000,	100000,	
2.774,	3.505,	2.018,	5.905,	12.673,	3.798,	1.041,	2.994,	0.715,	2.146,	2.408,	3.473,	
0.409,	7.222,	0.482,	0.444,	11.775,	0.732,	2.365,	0.765,	0.279,	0.723,	5.992,	0.332,	
4.355,	2.421,	4.713,	2.59,	1.042,	0.145,	3.353,	1.349,	0.64,	3.066,	0.768,	0.761,	
5.01,	417.402,	+1000,	0.293,	0.613,	0.716,	3.119,	0.367,	1.317,	0.845,	1.298,	1.026,	
0.916,	4.739,	+1000,	10.013,	103.687,	0.23,	0.341,	0.413,	2.127,	3.301,	4.257,	0.475,	
0.241,	+1000,	2.976,	0.34,	0.984,	0.782,	2.764,	1.596,	0.543,	1.586,	2.761,	0.314,	
211.625,	1.865,	200.966,	1.406,	0.474,	2.59,	3.836,	2.149,	1.091,	1.679,	1.455,	0.465,	
2.864,	207.397,	3.163,	0.974,	2.912,	0.836,	0.226,	4.406,	1.35,	0.395,	1.451,	0.773,	
67.214,	6.11,	+1000,	1.087,	1.535,	0.124,	3.417,	0.196,	0.352,	0.779,	2.041,	2.01,	
1.205,	15.667,	200.776,	2.306,	0.821,	0.241,	1.247,	0.385,	2.737,	0.981,	0.873,	1.726,	

1.633,	+1000,	401.355,	1.02,	3.694,	4.621,	0.626,	1.556,	3.26,	2.598,	3.091,	8.474,	
0.66,	2.605,	201.283,	0.334,	2.628,	2.006,	0.784,	0.746,	0.705,	1.666,	0.514,	0.461,	
0.386,	+1000,	9.968,	8.349,	3.41,	0.889,	2.028,	0.484,	1.924,	1.617,	1.43,	1.467,	
1.182,	9.517,	0.947,	0.808,	0.868,	3.215,	0.977,	0.567,	3.714,	7.012,	3.063,	0.676,	
5.84,	1.192,	9.011,	1.138,	0.731,	1.801,	0.917,	1.383,	1.363,	4.403,	1.095,	1,	
6.867,	0.797,	4.021,	0.369,	0.544,	0.645,	0.973,	1.541,	0.217,	3.178,	2.205,	1.954,	
5.459,	17.773,	101.929,	0.153,	0.266,	0.767,	1.096,	2.219,	0.72,	1.714,	3.572,	2.107,	
9.094,	112.353,	100.605,	0.4,	7.276,	0.981,	1.46,	0.903,	3.046,	0.703,	0.866,	0.235,	
9.443,	3.99,	+1000,	2.508,	1.144,	1.886,	1.76,	0.901,	0.813,	0.993,	0.673,	3.2,	
1.293,	6.607,	0.314,	0.444,	0.241,	1.532,	2.506,	3.065,	4.884,	6.168,	2.053,	2.291,	

0.541,	5.264,	1.075,	1.262,	2.574,	3.467,	4.981,	1.595,	2.766,	1.774,	1.386,	0.243,	
1.876,	+1000,	0.176,	0.924,	0.451,	704.839,	0.971,	0.326,	0.823,	4.061,	1.97,	1.428,	
0.463,	3.36,	100.934,	3.408,	0.786,	0.345,	0.39,	6.404,	0.792,	1.26,	0.333,	1.797,	
0.317,	0.65,	+1000,	1.929,	0.815,	1.508,	4.58,	0.178,	1.86,	0.456,	0.872,	0.635,	
2.812,	217.15,	102.407,	0.879,	1.188,	0.25,	1.158,	1.713,	0.561,	0.278,	1.793,	0.199,	
2.647,	+1000,	400.219,	0.789,	0.577,	1.446,	1.746,	0.46,	3.437,	2.364,	1.365,	1.479,	
1.62,	+1000,	101.082,	2.083,	1.41,	204.107,	1.473,	3.059,	0.229,	1.132,	1.016,	0.333,	
1.644,	+1000,	100.523,	0.284,	0.245,	201.152,	0.894,	0.288,	3.127,	2.224,	0.234,	1.003,	
6.956,	1.557,	1.781,	1.362,	1.014,	0.528,	1.624,	5.975,	0.469,	0.441,	0.732,	1.533,	
12.485,	6.758,	0.133,	2.945,	1.328,	0.861,	1.104,	2.12,	1.294,	1.887,	0.864,	0.952,	
