4
0  3  0  0    11 1  0  10   8  0  13 0    0  0  0  6
11 4  0  5    0  6  0  3    0  14 15 7    8  1  9  0
0  0  0  0    15 0  0  0    2  0  0  0    11 0  10 15
0  0  0  0    0  0  2  13   4  1  11 16    3  14 0  12

6  12 10  8   9  0  5  11   3  0  0  0    0  13 0  0
7  0  0  15   2  0  13 0    0  6  0  14   0  0  0  0
2  0  0  3    7  8  0  0    0  4  16 0    0  6  0  5
0  0  9  0    3  0  6  0    11 0  0  0    4  0  0  10

0  8  0  1    0  7  0  2    0  0  0  9    14 0  16  0
10 0  0  0    0  12 0  8    0  0  0  1    6  7  13 0
0  7  0  0    1  0  9  0    12 16  6  0   0  0  0  2
4  0  16 0    0  14 0  0    13 3  0  11   0  8  1  0

0  0  0  0    0  11 0  5    7  12 8  0    15 0  14 0
0  0  5  11   0  2  12 4    0  0  0  0    0  3  0  0
3  0  0  0    0  13 0  1    16  0  10 0    0  12 6  4
15 0  12 4    8  0  0  0    0  0  0  0    0  0  0  0




0 3 0 0   B 1 0 A   8 0 D 0   0 0 0 6
B 4 0 5   0 6 0 3   0 E F 7   8 1 9 0
0 0 0 0   F 0 0 0   2 0 0 0   B 0 A F
0 0 0 0   0 0 2 D   4 1 B G   3 E 0 C

6 C A 8   9 0 5 B   3 0 0 0   0 D 0 0
7 0 0 F   2 0 D 0   0 6 0 E   0 0 0 0
2 0 0 3   7 8 0 0   0 4 G 0   0 6 0 5
0 0 9 0   3 0 6 0   B 0 0 0   4 0 0 A

0 8 0 1   0 7 0 2   0 0 0 9   E 0 G 0
A 0 0 0   0 C 0 8   0 0 0 1   6 7 D 0
0 7 0 0   1 0 9 0   C G 6 0   0 0 0 2
4 0 G 0   0 E 0 0   D 3 0 B   0 8 1 0

0 0 0 0   0 B 0 5   7 C 8 0   F 0 E 0
0 0 5 B   0 2 C 4   0 0 0 0   0 3 0 0
3 0 0 0   0 D 0 1   G 0 A 0   0 C 6 4
F 0 C 4   8 0 0 0   0 0 0 0   0 0 0 0




