4
0  0  12 0    8  0  0  0    0  0  0  4    0  6  0  0  
13 1  6  5    0  0  9  4    16 2  0  0    3  12 7  8  
10 15 0  0    2  0  6  0    0  9  0  5    0  0  16 4  
4  2  8  3    0  7  11 1    14 13 12 0    15 10 5  9 
 
0  0  2  8    0  0  0  11   7  0  0  0    6  9  0  0  
0  16 0  11   7  0  0  2    5  0  0  3    12 0  15 0  
7  0  4  0    6  1  0  3    12 0  9  13   0  2  0  11
0  0  0  0    0  0  0  8    11 0  0  0    0  0  0  0  

2  11 0  0    5  15 10 16   1  3  13 8    0  0  9  6  
0  3  0  6    1  0  7  0    0  14 0  9    16 0  13 0  
0  14 0  9    13 0  8  6    2  10 0  12   7  0  3  0  
8  0  0  0    0  0  3  0    0  6  0  0    0  0  0  12

12 7  5  0    0  0  1  15   9  11 0  0    0  4  8  14
11 6  0  0    4  0  0  14   3  0  0  2    0  0  12 5  
1  8  3  14   0  5  2  10   13 12 4  0    9  16 6  7  
15 13 0  4    0  8  16 0    0  5  1  0    10 0  11 2  




0  0  C  0    8  0  0  0    0  0  0  4    0  6  0  0  
D  1  6  5    0  0  9  4    G  2  0  0    3  C  7  8  
A  F  0  0    2  0  6  0    0  9  0  5    0  0  G  4  
4  2  8  3    0  7  B  1    E  D  C  0    F  A  5  9 
 
0  0  2  8    0  0  0  B    7  0  0  0    6  9  0  0  
0  G  0  B    7  0  0  2    5  0  0  3    C  0  F  0  
7  0  4  0    6  1  0  3    C  0  9  D    0  2  0  B  
0  0  0  0    0  0  0  8    B  0  0  0    0  0  0  0  

2  B  0  0    5  F  A  G    1  3  D  8    0  0  9  6  
0  3  0  6    1  0  7  0    0  E  0  9    G  0  D  0  
0  E  0  9    D  0  8  6    2  A  0  C    7  0  3  0  
8  0  0  0    0  0  3  0    0  6  0  0    0  0  0  C  

C  7  5  0    0  0  1  F    9  B  0  0    0  4  8  E  
B  6  0  0    4  0  0  E    3  0  0  2    0  0  C  5  
1  8  3  E    0  5  2  A    D  C  4  0    9  G  6  7  
F  D  0  4    0  8  G  0    0  5  1  0    A  0  B  2  















