4
1  7  15 0    0  0  2  0    0  6  0  0    0  10 13 3
9  0  0  10   0  6  3  1    7  15 8  0    11 0  0  4  
5  4  0  14   0  10 0  0    0  0  13 0    15 0  6  9  
0  0  0  13   15 0  0  14   9  0  0  5    7  0  0  0 
 
12 1  8  2    9  14 5  0    0  11 4  13   3  6  15 7  
16 9  5  3    0  0  0  2    14 0  0  0    10 1  12 13 
0  14 13 4    8  0  0  15   6  0  0  3    2  11 9  0  
0  0  0  0    12 0  13 3    5  2  0  9    0  0  0  0 
 
4  0  9  5    0  3  0  10   16 0  2  0    6  14 0  12 
2  0  0  11   0  0  15 0    0  5  0  0    9  0  0  8  
0  8  0  7    0  12 9  6    4  10 11 0    1  0  3  0  
10 3  0  1    2  0  0  0    0  0  0  12   4  0  7  15
 
0  5  0  9    0  16 11 0    0  14 7  0    13 0  1  0  
0  0  0  6    0  9  0  0    0  0  5  0    12 0  0  0  
0  10 1  0    0  0  12 4    13 8  0  0    0  7  14 0  
13 0  7  0    0  0  0  0    0  0  0  0    0  9  0  6  



1  7  F  0    0  0  2  0    0  6  0  0    0  A  D  3
9  0  0  A    0  6  3  1    7  F  8  0    B  0  0  4  
5  4  0  E    0  A  0  0    0  0  D  0    F  0  6  9  
0  0  0  D    F  0  0  E    9  0  0  5    7  0  0  0 
 
C  1  8  2    9  E  5  0    0  B  4  D    3  6  F  7  
G  9  5  3    0  0  0  2    E  0  0  0    A  1  C  D  
0  E  D  4    8  0  0  F    6  0  0  3    2  B  9  0  
0  0  0  0    C  0  D  3    5  2  0  9    0  0  0  0 
\ 
4  0  9  5    0  3  0  A    G  0  2  0    6  E  0  C  
2  0  0  B    0  0  F  0    0  5  0  0    9  0  0  8  
0  8  0  7    0  C  9  6    4  A  B  0    1  0  3  0  
A  3  0  1    2  0  0  0    0  0  0  C    4  0  7  F 
 
0  5  0  9    0  G  B  0    0  E  7  0    D  0  1  0  
0  0  0  6    0  9  0  0    0  0  5  0    C  0  0  0  
0  A  1  0    0  0  C  4    D  8  0  0    0  7  E  0  
D  0  7  0    0  0  0  0    0  0  0  0    0  9  0  6  















