4
14 0  1  3    6  9  0  12   11 0  0  16   4  0  0  13
0  12 6  0    0  0  0  0    0  0  4  9    5  10 0  0  
0  0  8  16   5  0  0  2    3  6  0  0    0  11 9  0  
2  9  5  4    8  11 0  16   7  1  0  0    0  6  3  15
 
0  4  0  0    0  0  9  0    14 16 15 2    0  0  0  5  
0  0  0  0    11 15 0  0    0  9  3  0    0  12 0  2  
16 0  0  0    14 12 4  0    10 0  13 0    0  0  15 7  
0  0  15 14   2  7  6  0    12 4  0  0    0  9  0  0 
 
0  0  2  10   16 14 7  0    13 12 0  0    0  3  0  0  
5  0  0  0    3  13 12 0    8  0  2  0    0  0  10 1  
0  0  0  0    9  10 0  0    0  3  14 0    0  15 0  4  
0  6  0  0    0  0  8  0    1  15 9  10   0  0  0  12
  
1  5  4  12   15 6  0  7    9  10 0  0    0  13 14 3  
0  0  10 2    1  0  0  4    5  13 0  0    0  7  12 0  
0  3  7  0    0  0  0  0    0  0  1  12   9  4  0  0  
6  0  16 15   12 8  0  9    4  0  0  3    10 0  0  11





E  0  1  3    6  9  0  C    B  0  0  G    4  0  0  D  
0  C  6  0    0  0  0  0    0  0  4  9    5  A  0  0  
0  0  8  G    5  0  0  2    3  6  0  0    0  B  9  0  
2  9  5  4    8  B  0  G    7  1  0  0    0  6  3  F 
 
0  4  0  0    0  0  9  0    E  G  F  2    0  0  0  5  
0  0  0  0    B  F  0  0    0  9  3  0    0  C  0  2  
G  0  0  0    E  C  4  0    A  0  D  0    0  0  F  7  
0  0  F  E    2  7  6  0    C  4  0  0    0  9  0  0 
 
0  0  2  A    G  E  7  0    D  C  0  0    0  3  0  0  
5  0  0  0    3  D  C  0    8  0  2  0    0  0  A  1  
0  0  0  0    9  A  0  0    0  3  E  0    0  F  0  4  
0  6  0  0    0  0  8  0    1  F  9  A    0  0  0  C
  
1  5  4  C    F  6  0  7    9  A  0  0    0  D  E  3  
0  0  A  2    1  0  0  4    5  D  0  0    0  7  C  0  
0  3  7  0    0  0  0  0    0  0  1  C    9  4  0  0  
6  0  G  F    C  8  0  9    4  0  0  3    A  0  0  B  















