4
0  0  13 9    4  0  6  0    0  11 0  7    2  1  0  0  
0  10 0  0    0  0  7  0    0  12 0  0    0  0  9  0  
0  0  0  0    0  1  0  12   13 0  16 0    0  0  0  0  
14 2  0  6    9  8  0  0    0  0  1  5    12 0  13 16
 
0  15 10 0    0  0  9  14   6  4  0  0    0  2  11 0  
0  3  0  2    0  6  0  0    0  0  14 0    7  0  16 0  
16 0  12 4    15 0  5  10   1  2  0  3    14 9  0  13
0  8  6  0    16 0  2  0    0  13 0  9    0  3  12 0 
 
0  9  7  0    1  0  4  0    0  3  0  8    0  11 14 0  
8  0  3  10   14 0  12 6    2  16 0  13   9  15 0  7  
0  12 0  5    0  13 0  0    0  0  9  0    4  0  10 0  
0  14 2  0    0  0  15 9    10 5  0  0    0  13 8  0  

10 1  0  7    6  3  0  0    0  0  12 11   15 0  2  9  
0  0  0  0    0  15 0  11   9  0  13 0    0  0  0  0  
0  6  0  0    0  0  16 0    0  8  0  0    0  0  4  0  
0  0  15 11   7  0  14 0    0  1  0  2    6  12 0  0




0  0  D  9    4  0  6  0    0  B  0  7    2  1  0  0  
0  A  0  0    0  0  7  0    0  C  0  0    0  0  9  0  
0  0  0  0    0  1  0  C    D  0  G  0    0  0  0  0  
E  2  0  6    9  8  0  0    0  0  1  5    C  0  D  G 
 
0  F  A  0    0  0  9  E    6  4  0  0    0  2  B  0  
0  3  0  2    0  6  0  0    0  0  E  0    7  0  G  0  
G  0  C  4    F  0  5  A    1  2  0  3    E  9  0  D  
0  8  6  0    G  0  2  0    0  D  0  9    0  3  C  0 
 
0  9  7  0    1  0  4  0    0  3  0  8    0  B  E  0  
8  0  3  A    E  0  C  6    2  G  0  D    9  F  0  7  
0  C  0  5    0  D  0  0    0  0  9  0    4  0  A  0  
0  E  2  0    0  0  F  9    A  5  0  0    0  D  8  0  

A  1  0  7    6  3  0  0    0  0  C  B    F  0  2  9  
0  0  0  0    0  F  0  B    9  0  D  0    0  0  0  0  
0  6  0  0    0  0  G  0    0  8  0  0    0  0  4  0  
0  0  F  B    7  0  E  0    0  1  0  2    6  C  0  0















