4
13 0  5  0    0  0  0  0    0  0  0  0    0  4  0  14
0  4  0  3    0  0  16 1    13 14 0  0    6  0  7  0  
0  0  15 12   14 4  7  0    0  1  5  6    9  11  0  0  
0  0  0  8    0  0  5  0    0  3  0  0    16 0  0  0 
 
5  16 0  11   1  14 0  0    0  0  3  7    8  0  4  2  
0  0  0  0    0  0  4  7    11 8  0  0    0  0  0  0  
8  13 12 0    5  15 3  0    0  4  2  9    0  16 6  11 
0  7  0  10   0  8  0  0    0  0  15 0    3  0  12 0  

0  12 0  13   0  16 0  0    0  0  10 0    4  0  2  0  
2  9  11 0    3  10 13 0    0  7  8  16   0  6  15 12 
0  0  0  0    0  0  8  12   2  6  0  0    0  0  0  0  
3  6  0  7    9  1  0  0    0  0  14 4    10 0  11 5  

0  0  0  15   0  0  6  0    0  2  0  0    1  0  0  0  
0  0  7  9    4  2  11 0    0  16 13 8    15  12 0  0  
0  2  0  14   0  0  1  3    5  9  0  0    11 0  8  0  
6  0  3  0    0  0  0  0    0  0  0  0    0  7  0  10 



D  0  5  0    0  0  0  0    0  0  0  0    0  4  0  E
0  4  0  3    0  0  G  1    D  E  0  0    6  0  7  0  
0  0  F  C    E  4  7  0    0  1  5  6    9  B  0  0  
0  0  0  8    0  0  5  0    0  3  0  0    G  0  0  0 
 
5  G  0  B    1  E  0  0    0  0  3  7    8  0  4  2  
0  0  0  0    0  0  4  7    B  8  0  0    0  0  0  0  
8  D  C  0    5  F  3  0    0  4  2  9    0  G  6  B  
0  7  0  A    0  8  0  0    0  0  F  0    3  0  C  0  

0  C  0  D    0  G  0  0    0  0  A  0    4  0  2  0  
2  9  B  0    3  A  D  0    0  7  8  G    0  6  F  C  
0  0  0  0    0  0  8  C    2  6  0  0    0  0  0  0  
3  6  0  7    9  1  0  0    0  0  E  4    A  0  B  5  

0  0  0  F    0  0  6  0    0  2  0  0    1  0  0  0  
0  0  7  9    4  2  B  0    0  G  D  8    F  C  0  0  
0  2  0  E    0  0  1  3    5  9  0  0    B  0  8  0  
6  0  3  0    0  0  0  0    0  0  0  0    0  7  0  A  















