4
3  0  0  5    0  0  9  0    0  8  F  0    14 0  0  1  
0  6  14 0    0  0  8  4    0  11 0  0    2  0  10 0  
8  0  0  0    0  0  13 5    0  0  0  0    4  9  0  0  
2  13 0  0    14 0  0  11   10 6  0  4    12 8  5  7  

0  0  0  0    0  14 0  0    0  1  10 13   7  0  0  0  
7  0  0  14   9  0  4  0    6  5  11 G    0  0  0  12
0  10 13 0    7  G  0  8    0  0  3  2    11 0  9  F  
0  G  0  0    0  10 0  12   4  0  9  0    13 0  0  0  

14 0  11 0    13 0  0  2    12 10 0  0    F  G  3  0  
12 9  8  0    11 0  6  0    0  0  7  0    0  2  13 10
0  5  G  10   8  3  0  0    2  9  0  11   0  0  0  0  
0  2  6  1    10 12 F  14   0  4  8  0    9  0  0  0  

11 14 3  12   4  5  0  0    0  0  6  0    0  0  0  2  
0  0  5  8    2  11 14 F    0  13 0  0    0  0  12 0  
10 4  0  2    6  13 G  0    8  3  0  0    5  0  F  0  
0  F  0  13   0  0  12 3    0  0  2  0    G  10 0  4  




3  0  0  5    0  0  9  0    0  8  F  0    E  0  0  1  
0  6  E  0    0  0  8  4    0  B  0  0    2  0  A  0  
8  0  0  0    0  0  D  5    0  0  0  0    4  9  0  0  
2  D  0  0    E  0  0  B    A  6  0  4    C  8  5  7  

0  0  0  0    0  E  0  0    0  1  A  D    7  0  0  0  
7  0  0  E    9  0  4  0    6  5  B  G    0  0  0  C  
0  A  D  0    7  G  0  8    0  0  3  2    B  0  9  F  
0  G  0  0    0  A  0  C    4  0  9  0    D  0  0  0  

E  0  B  0    D  0  0  2    C  A  0  0    F  G  3  0  
C  9  8  0    B  0  6  0    0  0  7  0    0  2  D  A  
0  5  G  A    8  3  0  0    2  9  0  B    0  0  0  0  
0  2  6  1    A  C  F  E    0  4  8  0    9  0  0  0  

B  E  3  C    4  5  0  0    0  0  6  0    0  0  0  2  
0  0  5  8    2  B  E  F    0  D  0  0    0  0  C  0  
A  4  0  2    6  D  G  0    8  3  0  0    5  0  F  0  
0  F  0  D    0  0  C  3    0  0  2  0    G  A  0  4  















