0.9,1,1.1,1.2,1.3,1.4,1.5,1.6,,,,,,,,,,,,,,,,,,,,,,,,,,,,,,,,,,,,,,,,,,,,,,,,,,
0.99999,0.999995,0.999999,0.9999995,1,,,,,,,,,,,,,,,,,,,,,,,,,,,,,,,,,,,,,,,,,,,,,,,,,,,,,
100000,,,,,,,,,,,,,,,,,,,,,,,,,,,,,,,,,,,,,,,,,,,,,,,,,,,,,,,,,
0.9,0.9,0.9,0.9,0.9,1,1,1,1,1,1.1,1.1,1.1,1.1,1.1,1.2,1.2,1.2,1.2,1.2,1.3,1.3,1.3,1.3,1.3,1.4,1.4,1.4,1.4,1.4,1.5,1.5,1.5,1.5,1.5,1.6,1.6,1.6,1.6,1.6,0.7,0.7,0.7,0.7,0.7,0.8,0.8,0.8,0.8,0.8,0.9,1,1.1,1.2,1.3,1.4,1.5,1.6
0.99999,0.999995,0.999999,0.9999995,1,0.99999,0.999995,0.999999,0.9999995,1,0.99999,0.999995,0.999999,0.9999995,1,0.99999,0.999995,0.999999,0.9999995,1,0.99999,0.999995,0.999999,0.9999995,1,0.99999,0.999995,0.999999,0.9999995,1,0.99999,0.999995,0.999999,0.9999995,1,0.99999,0.999995,0.999999,0.9999995,1,0.99999,0.999995,0.999999,0.9999995,1,0.99999,0.999995,0.999999,0.9999995,1,0.99995,0.99995,0.99995,0.99995,0.99995,0.99995,0.99995,0.99995
100000,100000,100000,100000,100000,100000,100000,100000,100000,100000,100000,100000,100000,100000,100000,100000,100000,100000,100000,100000,100000,100000,100000,100000,100000,100000,100000,100000,100000,100000,100000,100000,100000,100000,100000,100000,100000,100000,100000,100000,100000,100000,100000,100000,100000,100000,100000,100000,100000,100000,100000,100000,100000,100000,100000,100000,100000,100000
1000,249.515,13.682,1000,448.335,1000,169.894,1000,1000,548.491,62.65,154.336,1000,764.155,44.668,152.758,1000,325.779,1000,1000,544.609,173.67,1000,455.732,1000,980.122,1000,1000,1000,973.208,1000,83.222,1000,1000,1000,177.7,1000,1000,1000,1000,1000,36.077,51.111,1000,476.668,40.486,705.622,731.455,204.946,181.888,1000,1000,1000,1000,1000,1000,1000,1000
57.195,207.784,1000,144.865,332.1,1000,1000,1000,558.027,1000,537.227,1000,750.809,1000,1000,558.411,125.362,395.414,1000,1000,1000,490.58,1000,1000,1000,161.26,483.58,1000,1000,1000,885.713,1000,1000,1000,1000,1000,1000,1000,1000,1000,1000,307.509,59.224,65.715,957.083,722.023,145.394,10.923,125.375,533.893,1000,1000,1000,1000,1000,311.88,1000,1000
1000,483.615,460.395,63.927,832.7,206.922,513.002,691.413,1000,72.815,1000,116.883,1000,368.418,265.64,1000,1000,1000,1000,1000,991.891,1000,1000,1000,1000,350.406,572.958,1000,616.071,1000,1000,812.712,1000,1000,1000,1000,495.793,1000,1000,1000,675.295,670.243,1000,1000,899.19,1000,16.737,1000,1000,661.813,1000,1000,1000,802.515,1000,1000,1000,1000
1000,249.238,148.376,599.57,44.113,908.619,429.762,244.461,1000,244.955,1000,80.778,47.747,1000,132.987,236.965,487.012,67.684,1000,517.876,583.804,600.104,1000,1000,1000,835.598,266.29,1000,1000,1000,73.84,1000,1000,477.499,1000,1000,877.861,1000,1000,1000,1000,328.282,259.952,241.494,706.897,308.46,479.078,373.397,20.048,650.613,1000,9.619,1000,1000,617.018,1000,1000,1000
1000,151.315,495.821,131.016,728.05,158.748,1000,356.961,716.943,1000,533.621,22.433,1000,359.496,1000,1000,498.495,1000,1000,1000,947.217,1000,137.111,544.792,1000,1000,877.537,1000,1000,1000,1000,96.408,1000,1000,1000,230.365,1000,1000,1000,1000,1000,1000,140.246,376.22,1000,1000,1000,454.084,75.746,117.196,1000,1000,1000,1000,1000,1000,114.178,1000
732.491,102.323,1000,475.569,649.427,635.311,702.252,1000,1000,60.539,413.028,1000,2.852,1000,1000,1000,1000,484.09,64.386,184.592,328.273,1000,1000,1000,1000,146.17,926.694,1000,1000,1000,668.235,790.494,1000,1000,1000,1000,51.661,1000,1000,1000,1000,1000,570.174,21.677,141.263,1000,1000,27.372,1000,376.54,1000,1000,1000,1000,602.095,1000,1000,1000
129.946,1000,310.277,141.361,1000,27.171,298.448,1000,1000,1000,861.389,394.22,1000,293.189,1000,973.959,597.185,1000,1000,1000,1000,120.236,1000,1000,1000,881.409,1000,1000,1000,1000,854.381,1000,1000,1000,1000,390.824,1000,1000,1000,1000,1000,750.88,769.042,502.019,461.821,143.381,386.328,1000,544.74,1000,1000,100.286,1000,1000,1000,1000,1000,216.542
527.042,1000,284.018,1000,32.818,1000,444.995,210.912,54.37,441.396,134.019,598.619,1000,1000,1000,1000,583.29,1000,1000,1000,1000,470.25,1000,1000,1000,260.085,1000,482.629,1000,1000,1000,1000,1000,1000,1000,1000,91.661,1000,1000,1000,1000,495.547,798.841,1000,249.137,1000,72.946,1000,761.904,37.098,1000,1000,1000,314.866,1000,603.779,1000,713.215
319.438,1000,56.47,1000,1000,1000,12.764,765.44,761.687,821.033,1000,1000,57.23,1000,154.838,450.585,577.432,1000,815.586,1000,665.663,496.422,1000,1000,1000,1000,180.413,919.596,1000,1000,1000,1000,726.244,1000,1000,1000,1000,1000,1000,1000,1000,1000,1000,23.189,1000,315.176,364.508,116.111,103.577,307.013,20.251,1000,1000,1000,1000,1000,1000,1000
614.009,436.39,627.622,804.021,1000,1000,524.469,366.686,1000,476.95,353.671,18.728,1000,1000,1000,1000,1000,1000,1000,1000,1000,1000,1000,1000,23.727,558.853,776.193,1000,1000,1000,14.663,1000,1000,1000,1000,946.99,1000,1000,1000,1000,654.283,14.79,608.464,756.599,961.815,1000,1000,264.471,977.807,75.666,111.254,1000,1000,209.363,1000,213.9,1000,816.142
704.142,1000,504.293,866.803,1000,316.592,91.956,1000,428.935,57.604,1000,768.3,1000,1000,100.297,1000,1000,1000,812.447,1000,1000,1000,481.01,1000,1000,1000,380.366,1000,1000,1000,648.63,1000,1000,1000,1000,643.005,1000,1000,1000,1000,1000,565.913,1000,1000,818.961,1000,634.826,771.767,252.243,106.234,1000,1000,1000,1000,907.491,1000,1000,211.49
53.281,1000,1000,641.135,150.648,436.038,255.407,168.325,178.898,1000,1000,1000,647.366,1000,1000,580.409,888.783,122.08,1000,1000,1000,219.525,1000,1000,1000,1000,386.895,1000,1000,1000,239.41,1000,1000,1000,1000,769.011,898.705,1000,1000,1000,92.048,688.395,92.451,876.03,78.208,1000,748.335,1000,27.499,1000,1000,1000,1000,1000,1000,1000,1000,1000
1000,48.881,64.836,544.785,48.196,1000,1000,1000,1000,1000,507.547,77.421,1000,838.038,1000,919.784,613.885,70.674,924.452,1000,153.347,466.651,1000,1000,1000,57.255,1000,1000,1000,1000,765.454,1000,1000,1000,1000,73.605,1000,1000,1000,1000,1000,1000,456.817,468.154,289.545,1000,1000,716.029,859.02,507.387,1000,1000,715.456,1000,1000,919.146,200.864,1000
1000,357.362,706.781,18.235,1000,209.984,1000,345.331,4.773,258.808,31.14,59.525,747.931,1000,1000,270.227,73.228,12.228,1000,1000,319.297,480.501,865.781,1000,1000,94.321,995.719,1000,1000,855.171,81.657,1000,1000,1000,1000,1000,1000,1000,1000,1000,1000,1000,1000,59.017,454.635,426.001,762.77,1000,1000,268.526,1000,1000,1000,1000,1000,227.382,316.232,1000
900.55,296.269,444.777,226.511,478.666,1000,49.927,178.9,1000,1000,735.604,420.747,111.941,496.891,1000,1000,1000,326.108,1000,338.758,37.244,1000,114.011,40.076,1000,497.165,765.48,1000,1000,1000,393.405,1000,1000,1000,1000,1000,534.964,1000,1000,1000,1000,677.239,312.93,340.861,22.777,173.607,667.614,1000,177.082,328.271,1000,1000,1000,1000,1000,1000,410.813,1000
1000,132.557,265.705,428.866,618.467,638.472,1000,1000,1000,1000,424.487,468.889,1000,431.127,75.776,557.348,1000,1000,1000,1000,761.791,1000,381.463,451.053,1000,62.685,752.296,1000,1000,1000,1000,567.05,1000,1000,345.759,660.54,1000,1000,1000,1000,1000,1000,964.757,432.259,382.506,1000,477.436,139.285,603.447,23.593,1000,505.049,1000,1000,1000,1000,1000,1000
448.082,429.014,155.707,498.976,286.582,1000,1000,1000,154.931,1000,639.901,16.321,1000,6.545,1000,864.937,186.898,211.805,1000,1000,462.067,271.015,1000,1000,1000,1000,1000,1000,1000,1000,1000,479.118,1000,1000,1000,1000,782.931,1000,1000,1000,1000,510.35,1000,1000,496.104,1000,360.431,495.712,624.394,401.192,1000,1000,1000,117.701,1000,1000,1000,320.328
324.518,1000,139.95,283.642,114.529,231.221,484.659,203.198,352.818,909.579,1000,6.237,1000,92.093,1000,1000,1000,909.993,1000,1000,1000,146.137,790.122,1000,1000,291.802,1000,1000,1000,1000,350.934,1000,1000,1000,1000,381.589,262.905,1000,1000,1000,404.358,1000,1000,33.306,919.775,11.093,560.678,58.548,637.217,186.102,1000,1000,1000,1000,1000,1000,1000,1000
848.998,1000,1000,1000,179.119,15.762,247.595,896.896,102.321,160.098,45.361,9.532,1000,1000,1000,49.818,481.256,518.005,862.162,1000,1000,1000,1000,1000,993.603,1000,692.386,482.775,1000,215.325,271.636,1000,1000,1000,727.63,188.418,1000,1000,1000,1000,1000,512.487,510.276,662.884,69.563,747.428,1000,147.226,731.012,20.364,603.071,1000,1000,1000,1000,120.11,1000,1000
433.87,1000,159.327,1000,1000,11.809,121.573,1000,801.209,123.619,451.659,14.961,126.853,1000,269.675,119.601,1000,1000,1000,1000,20.611,88.899,1000,588.705,1000,1000,788.268,1000,1000,936.168,453.83,544.836,1000,1000,1000,1000,1000,1000,1000,1000,1000,804.509,403.433,1000,335.302,1000,65.962,205.257,1000,632.212,1000,1000,1000,1000,725.853,1000,712.606,1000
249.747,41.485,886.444,304.429,1000,1000,121.113,669.922,711.041,967.748,948.631,206.127,1000,1000,744.587,1000,128.264,942.756,1000,1000,1000,1000,1000,346.256,1000,554.187,269.805,1000,1000,1000,64.204,1000,1000,1000,1000,638.265,1000,1000,1000,1000,1000,1000,1000,335.824,49.549,1000,1000,87.411,98.073,1000,108.949,1000,1000,1000,1000,718.414,606.342,21.432
638.848,682.258,391.881,131.529,458.789,1000,178.633,623.061,1000,297.698,431.238,133.531,34.581,1000,1000,212.096,28.372,1000,1000,724.76,525.638,1000,1000,1000,1000,86.48,478.819,1000,1000,1000,546.513,692.993,1000,1000,1000,663.628,1000,1000,1000,1000,1000,1000,1000,55.115,127.235,1000,1000,710.133,775.503,1000,1000,1000,1000,1000,1000,1000,1000,216.607
1000,829.076,147.383,276.204,1000,1000,1000,107.365,114.786,1000,1000,28.27,88.929,1000,665.278,436.124,301.408,1000,1000,433.34,156.334,686.189,164.876,1000,1000,1000,1000,1000,1000,1000,827.732,1000,1000,1000,1000,885.735,1000,1000,204.239,1000,1000,1000,679.824,843.127,81.899,323.324,631.949,1000,970.899,448.806,1000,1000,1000,1000,1000,1000,1000,1000
807.163,62.702,214.327,692.965,1000,1000,130.631,1000,667.214,96.849,1000,15.06,414.898,98.928,181.862,522.948,249.419,1000,1000,1000,561.037,1000,91.621,1000,1000,1000,98.267,1000,140.719,124.203,1000,873.937,588.414,1000,1000,1000,1000,1000,1000,1000,1000,5.897,41.15,1000,408.713,205.253,1000,319.405,873.979,1000,1000,1000,26.449,1000,711.327,1000,1000,232.491
1000,146.203,367.276,74.548,59.025,126.769,336.358,782.344,1000,1000,1000,165.182,470.802,178.769,580.68,80.69,315.407,1000,1000,1000,391.427,452.131,1000,1000,196.718,761.161,1000,1000,1000,1000,693.418,1000,19.792,1000,1000,1000,1000,1000,1000,1000,1000,1000,1000,120.736,1000,524.158,56.83,342.627,446.701,225.17,1000,1000,1000,1000,1000,1000,1000,719.864
1000,24.163,659.026,1000,259.424,1000,1000,574.344,1000,759.669,1000,665.785,1000,1000,1000,237.186,330.73,1000,437.285,1000,1000,1000,1000,1000,1000,1000,1000,490.744,165.632,1000,1000,1000,1000,1000,1000,489.345,991.932,1000,1000,1000,1000,231.124,532.397,186.172,483.793,1000,1000,58.205,554.266,159.88,1000,1000,1000,1000,317.23,1000,1000,1000
1000,279.238,393.37,295.613,355.667,218.444,1000,184.313,1000,865.714,538.456,554.292,810.973,1000,94.554,1000,1000,1000,1000,1000,1000,47.211,994.884,1000,1000,92.922,1000,111.603,1000,774.25,755.678,1000,1000,1000,1000,359.634,1000,1000,1000,1000,1000,1000,1000,151.923,1000,1000,1000,1000,500.835,993.34,1000,1000,1000,1000,1000,1000,108.94,1000
233.355,318.659,1000,264.308,1000,412.646,377.176,374.274,1000,651.172,37.756,54.855,153.777,282.915,1000,416.082,588.774,961.006,897.444,1000,591.396,1000,67.778,1000,1000,557.544,245.267,1000,1000,1000,850.039,1000,1000,1000,817.605,62.31,1000,1000,1000,1000,470.951,114.526,443.859,345.566,134.353,611.292,642.024,1000,171.377,597.639,1000,1000,1000,1000,1000,1000,1000,1000
717.004,512.511,104.834,1000,1000,325.702,285.595,1000,1000,114.075,1000,30.915,1000,1000,1000,1000,1000,355.148,1000,1000,1000,1000,1000,1000,1000,71.231,998.427,1000,1000,1000,91.917,295.377,1000,1000,1000,394.031,1000,17.808,1000,1000,611.133,1000,1000,126.546,129.671,703.281,1000,239.513,1000,270.267,1000,1000,711.132,1000,807.698,120.716,1000,1000
1000,1000,222.934,455.781,747.852,834.361,160.188,771.487,326.165,118.691,233.664,663.5,1000,906.88,258.442,578.831,1000,1000,1000,516.736,444.961,566.241,1000,1000,1000,252.969,994.947,1000,469.88,1000,676.419,1000,1000,1000,1000,1000,979.357,1000,1000,1000,601.782,1000,1000,100.742,393.222,907.141,224.313,61.324,388.282,150.646,1000,605.112,308.213,1000,1000,1000,304.548,1000